-4.5|-3.75|3.0
-4.5|3.0|3.0|1.5|-3.75|-4.5|-3.75|2.5|3.0
-3.75|-3.75|-4.5|-4.5|-4.5|-4.5|-4.5|-3.0|3.0|3.0|-4.5|3.0|-4.5
3.0|-4.5|3.0|1.0|-4.5|1.75|3.0|-3.0|3.0
-5.25|-4.5|-1.5
-4.5|2.0|-4.5|-2.25
2.0|2.0|3.5|2.0|-5.25|-5.25|-3.75|-4.5|-4.5|-3.0|-4.5|-3.75
-3.75|-3.0|2.0|3.0|1.0|3.0
3.0|-5.25|2.0|-3.75
1.5|-2.25|2.0|-1.5|3.0|2.0|3.0
1.0|-6.0|-5.25|2.0|3.0|-3.0|2.0|1.5
3.0|-3.0|2.0|3.0|-3.75|-3.75|3.0|2.5|2.0|2.0|3.0|1.0
2.0|-4.5|1.0|1.5
-4.5|3.5|-4.5
3.0|-4.5
3.5|1.0|-3.0|-4.5|-2.25|-3.0|2.0|-3.75|-5.25|3.5
-4.5|-4.5
-4.5|-3.0|-3.75|1.5
3.0|2.0|3.0
1.0|3.5|3.0|-4.5|2.5|-4.5|-4.5|1.5|2.0
1.0|3.0|2.0
-4.5|-3.75|1.0|2.0
2.0|1.5|-4.5|1.0|-3.75|-3.0|1.5|-2.25|-4.5|3.0|3.0|3.0|3.0|2.5|3.0
-3.0|2.5|-3.0
3.0|-6.0|-3.75|-1.5|3.0|-5.25|1.0|3.0|-5.25|2.0|2.0|3.0
3.0|2.0|3.5|1.5|3.0|2.0|2.0|-3.75|2.0|-5.25|-4.5|-4.5|2.0|-4.5|1.5|-2.25
3.0|-3.75|3.5|2.0|-3.0|3.0
-3.0|-3.75|-3.75
-4.5|2.0|-6.0|1.5|3.5
3.0|1.0|2.0|2.0|3.0|-6.0|2.5|-3.75|-5.25|-6.0
-3.75|-2.25|-4.5|-1.5|-3.75|-6.0|3.0|2.5|3.0|-4.5|-4.5|2.0|3.0|1.5|1.65
-3.75|-4.5|-6.0|-3.75
-3.75|1.5|3.0|-4.5|3.0|3.0
-6.0|-6.0|5.0|-6.0|2.0|-2.25
-3.75|-4.5|-3.0|-3.75|-6.0|-4.5|-4.5|-4.5
-2.25|-2.25|1.5|3.0|3.0|3.0|-3.75|3.0|3.0|3.0|1.0|1.5|-3.75
3.0|-2.25|1.0|3.0|-4.5
-4.5|-4.5|-4.5|3.0
3.0|-4.5|3.0|1.5|-4.5|3.0|-2.25|-3.75|-5.25|3.0|3.0|3.0|2.5|-4.5|1.0|3.0|1.0|2.0|3.0|-2.25|3.0|2.0|3.0|1.5|-6.0|2.0|3.0|3.0
-3.75|-4.5|-5.25|3.0|-2.25|-3.0|2.0|2.5|2.0
-3.0|-3.75|3.0|3.0
1.0|-6.0|1.5|-3.0|-6.0|0
0|-3.0|-3.75|-4.5|3.5|1.0
-4.5|3.0|-4.5
3.0|3.0|-2.25|-4.5|3.0|3.0|-3.75|-4.5|-3.75|3.0|0|3.0|3.0|2.0|3.0
-3.0|-3.75|-5.25|3.5|1.5|3.0|2.0
-4.5|-3.75|-3.75|-4.5|4.0|-3.0|-2.25|-4.5|3.0|-3.0|2.5
3.0|-6.0
3.0|-2.25|2.0|1.0|3.0|2.0
-3.75|0|-5.25|3.0|-6.0|-4.5|-5.25|3.0|-3.0|-4.5|2.0|-3.0|2.0|2.5
-2.25|2.5
-4.5|-4.5|2.5|-4.5|1.5|3.0|2.0|3.0|3.0|3.0|-4.5|2.0|-4.5|-2.25|2.0|3.5|2.0|2.0|-4.5|-4.5|-3.0|2.5|3.0|-4.5|-4.5|-1.5
3.0|1.0|2.0|-4.5|-4.5|-4.5|1.5
-5.25|3.0|-4.5|-4.5|-5.25|1.0|2.0|3.0|1.5|-6.0|-3.0|-4.5
-6.0|1.0|-5.25|-3.75|1.0|-3.75|4.5|1.0|3.0|-5.25|3.0|3.0|-4.5|-6.0|-6.0|1.0
3.0|-3.0|-4.5
3.0|-4.5|-6.0
-3.0|-5.25|3.0
3.0|1.5|3.0|2.0|-4.5
3.0|2.5|2.0|-3.75|3.0|-4.5|1.5
-6.0
2.0|-3.0|-4.5
3.0|-2.25|-3.0|-1.5
3.0|-5.25|2.0|2.5|-3.75|-3.75|-6.0|-4.5|-5.25
-4.5|-3.0
-6.0|-2.25|-3.75|-6.0|1.0
3.0|3.0|3.0
-2.25|-3.0|-4.5|-4.5|-6.0|-4.5
-5.25|-4.5|-4.5
2.0|3.0|2.0
1.0|-3.0|-4.5
-4.5|1.0|2.0|3.0|-4.5|3.0
-3.75|-2.25|-2.25|1.5
-5.25|1.0|3.0|-3.0|2.0|-3.0|3.0|-3.75|1.5|-5.25|2.0|3.0|1.5|-4.5|-2.25|-2.25|3.0|1.0|3.0|3.0|3.0|-4.5|2.0
-4.5|-4.5|2.0|3.0|3.0|-4.5|1.5|2.0|1.5|1.5|-2.25|-4.5
-2.25|3.0|3.0|1.0|-3.75
-5.25|-5.25|-5.25|-5.25|-5.25|-5.25|-5.25|-5.25|-5.25
2.5|-2.25|3.0|3.0|-4.5|-4.5
3.0|3.0|2.5|1.0|-1.5|1.5|2.0
-4.5|2.0|-3.75|3.0|1.5|3.0|-5.25|-6.0|0|-3.0|-5.25|3.0|-1.5
3.0|1.0|-4.5|1.0|3.0|2.5|-4.5|-4.5
-4.5|-3.75|2.5|-3.75|-4.5
-4.5|-4.5|1.5|-4.5|-4.5|-5.25
1.5|-1.5|2.0
3.0|1.5|2.0
-6.0|-6.0
3.0|3.0|-2.25|-3.75|2.5|2.0|3.0|-3.0|-3.0|2.5|-4.5
2.0|-4.5|2.0|-3.75|-4.5
2.0|-2.25|-6.0|-3.75|-3.75
3.0|-4.5
-5.25|-3.75|-6.0|-6.0|0|-3.75|-5.25|-6.0|-3.75|-3.75
3.0|1.0|3.0|-4.5|-3.75|-3.75|-4.5|2.0|3.0|-4.5
3.0|-3.75|1.0|2.0|-4.5|-4.5

-4.5|-4.5|-5.25|3.0|3.5|-4.5
2.0|1.0|-5.25|-4.5|3.0|-4.5
1.0|-3.75|-4.5|-4.5|2.5|2.5|-3.75|2.5|-3.75
2.5|1.5|1.5|-3.0|-4.5
1.0|-4.5|1.0
-4.5|-6.0|-3.75|-6.0|-2.25|3.0|-3.75|3.0|-6.0|-3.75|-3.75|1.5
2.0|-3.0|-2.25|1.0
3.0|-3.75|-3.0|1.5|1.5|2.0|-5.25|-4.5|3.0|-4.5|-4.5
3.5|-3.75|1.0|4.0|2.0|-3.0
0|-4.5|1.5|-4.5|2.5|-2.25|2.5|1.0|2.5|-2.25|2.5|3.0|2.5|1.0|2.5|2.0
-3.0|2.0|-3.75|3.5
1.0|-3.75
2.0|1.5
-3.75|-3.75|-3.0|2.5
3.0|-6.0|-2.25|-4.5|-2.25|-2.25|-2.25|1.5|-4.5|2.0|3.0
-4.5|-6.0|2.0|-3.0|-4.5
3.0|-3.75|-2.25|1.0|3.0|1.5|0|1.5|2.0|-1.5|2.0|3.5
3.0
3.0|-4.5|-4.5|-2.25|-2.25
-4.5|-4.5|-4.5|3.0|-4.5
2.0|-5.25|3.0|-6.0|-3.75
2.0|-3.75|1.0|-2.25|-4.5|1.0
-3.75|-3.75|2.0|-3.75|-2.25|0|-6.75|-4.5|4.0|3.0|2.0
3.0|3.0|2.0
1.5|-4.5|1.0|-3.0|2.0|-4.5|-4.5
-5.25|3.0|-3.0|2.0|-4.5|1.0|-4.5|-4.5|2.0|-3.75|2.0|3.0|-3.0|2.5|1.5
2.0
-4.5|-5.25|3.0|3.0|3.0|-3.75|3.0|3.5|2.5|4.0|1.5|-4.5|0|2.5|1.0|-4.5|2.0|2.0|-3.75|2.0|1.0|-4.875|2.0|2.0|2.0|2.0|2.0|1.5|2.0|2.0|-4.5
-6.0|2.5|-3.75|-3.0|-4.5
-3.75|-4.5|-4.5|-3.75|-3.0|-4.5|3.0
-2.25|-3.0|-4.5|-2.25|2.5
-4.5|-3.75|1.0|-3.75|2.0|-5.25|1.0|3.0|-6.0
-4.5|-4.5|2.0|4.0|-3.75
-4.5|1.0|-4.5|2.0
1.5|0|2.0|-5.25
-4.5|3.0|-5.25|-5.25|3.0|-6.0|2.0|-3.0|3.0|3.0
-2.25|3.0|3.0|-3.75|-5.25|3.0|3.0|-5.25|-5.25|1.0|2.0|-4.5|-4.5|-3.0|-3.0|-4.5|-4.125|2.5|-4.5|-4.125
-4.5|1.0|2.0|1.0
-4.5|-4.5
1.0|2.0|3.0|-4.5|-3.0|-2.25|-6.0|5.0
-4.5|-4.5|-3.75
3.0|-6.0|2.0|1.5
1.5|3.5
3.0|3.0|-4.5
-3.75
3.5|2.0|3.0|-5.25|-3.0|2.0|1.0|-3.0|-3.75|1.0|3.5|-4.5|-4.5|-4.5|-3.0|-4.5|1.0|3.0|-4.5|1.0|-3.75|-5.25|-3.0|-3.0|-3.0|-4.5|-4.5|-4.5|-4.5|3.0
2.0|-4.5|-6.0|2.0|-6.0|3.0|-6.0|-2.25|1.0|-5.25|-6.0|1.0|-4.5|2.0|1.5|-5.25|2.0|1.0
2.5|2.0|3.0|2.0|-3.75|-1.5|-1.5|-1.5|-3.0|1.5|3.0|-3.0|-4.5|-5.25|2.0|-3.0|-3.0|1.0|3.0|2.0|3.0|3.0
1.0|2.5|-5.25|-3.75|-3.0|1.0|-3.0|-3.0|-4.5|-5.25|-6.0|2.0|2.0
-2.25|3.0|-2.25|3.0|-3.0
-5.25|-3.75|-3.0
-3.75|-4.5|2.0|-3.75
1.5|-6.0|-4.5|-4.5|3.0|1.0|2.0|2.0|1.5|1.5|3.0|-3.75|-4.5
2.0|-4.5|-4.5
3.5|1.5|3.0|-5.25|-4.5|-3.0|2.0|-3.0|-6.0|1.5|-4.5|3.0|1.0|1.0
1.0|-4.5|-4.5|1.0|-5.25|3.0|1.0|1.0|-3.75|-4.5|1.5|1.5|2.0|-6.0|-4.5|-6.0|3.0|-3.75|-4.5
-3.75|1.0|-4.5|-3.75|2.0|-3.75|-4.5
-3.75|-1.5|-3.75|2.0|3.0|1.0
-4.5|-4.5|-3.75|-4.5|2.0|2.0
2.5|-3.75|-2.25|1.0|-2.25|-4.5|-5.25
-4.5|3.0|-4.5|-5.25|-6.0|3.5|-3.0|-4.5|3.0|-4.5|1.0|-2.25|-4.5|3.0
-3.75|-4.5|-5.25
3.5|-4.5|-3.75|-3.75|2.0|1.5|-4.875|-1.5|3.0|3.0|-3.0|-5.25|-3.75
-3.75|1.0|-3.0|-4.5|-3.0|-3.75
-4.5
3.0|3.0
-5.25|-4.5|1.0|-2.25
3.0|-4.5|2.5|-2.25|1.5|2.0|-6.0|3.0|3.0
-4.5|-3.75|3.0|-3.75|4.0|3.0|1.0|3.0|1.0|2.0|1.0|-5.25
-4.5
5.0|1.5|2.5|-1.5|-6.0|-5.25|-4.5|3.0|3.0|-4.5
-4.5|1.0|-5.25|-2.25
3.0|-4.5|-2.25|-3.0|-4.5|-3.0|3.0|-4.5|-3.0
3.0|-4.5
-3.75|-5.25|-3.0|-3.0|-4.5|-1.5|-4.5|-6.0|-3.0
2.0|2.0|-6.0
-6.0|2.0|3.0|-5.25|3.5|-4.5
-4.5|-3.0|2.5|3.0|3.0|-3.0|3.0
3.0|-5.25|1.0|-6.0|1.5|-4.5|1.5|-2.25|2.0|2.0|3.0|3.0|1.5|3.0|3.0|3.0|3.5|3.0|1.0|-4.5|-3.75|3.5
-5.25|3.0|-3.0|3.0|1.0|-5.25|-3.0|-3.0|-3.75|-4.5|-6.0|3.0|3.0
3.0|2.0|-4.5|-5.25|-4.5|-4.5|2.5
3.0|-3.75
-3.0|-3.0|1.0|1.5|-2.25|-2.25|-3.75|3.0|-3.75|-4.5|1.0|-4.5|3.0
-3.75|3.0
3.0|-4.5|2.5|1.0|2.5|-2.25|1.5|3.0|1.0|-4.5|-4.5
-4.5|3.0
-4.5|1.0|-5.25|-4.5|1.0|-4.5|2.0|3.0|2.0|-3.0|3.0
-6.0|-3.75|-6.0|3.0|1.0|3.0|-2.25|-4.5|3.0|1.5|2.0|3.5|2.0|-6.0
-4.5|-3.75|-4.5|-4.5
-4.5|1.0|3.0
-3.0|-2.25|-4.5|2.0|2.0|3.0
-5.25|-4.5|3.0|1.5|2.0
3.0|1.0|3.0|-2.25|3.0|-3.75|-6.0|1.5|3.0|-3.75
2.0|2.0|2.0|-3.0|3.0|-3.0
-3.75|-2.25|3.0|-3.0
3.5|-4.5|1.0|2.0|2.0|-4.5|-6.0|2.0
-3.0|-2.25|-4.5|-3.75|2.0|3.5|-3.75|-4.5|1.0|1.5
-6.0|-5.25|1.5|-3.75|-3.75|2.0|-4.5|2.0|-1.5|-2.25|2.0|4.0|3.0|-4.5|-4.5|-3.75|0|3.5|-3.75|-3.75|-4.5|3.5|3.0|2.0|3.0|3.0|3.0|1.5|3.0|3.0|3.0|2.0|-4.5|3.0|2.0|-4.5|3.0|3.0|1.0|3.0|-3.75|-2.25
-4.5|-2.25|3.0
3.0|1.0|-4.5|3.0|-4.5|3.0
-4.5|-5.25|3.0|-4.5
3.0|3.0|-4.5
2.0|2.0|-3.75|-3.75|2.0|3.0|1.0|-4.5
3.0|-2.25|-4.5|-6.0|-4.5|-5.25|-3.75|-4.5|2.5|3.5|2.5|-3.0|3.0|-6.0|1.0
-3.75|-3.75|-3.0
-4.5|-4.5|1.5|3.0|2.0|3.0|-3.0|3.0|2.0|1.5|3.0
-4.5|1.0|-4.5|1.0
-3.75|1.0|3.0|3.5
-4.5|-3.75|4.0|-2.25|2.5
2.5|-6.0|-6.0|-2.25|-3.75|-6.0|1.5|-2.25
2.0|-3.75|-5.25|-4.5|1.0|-5.25|1.5|-4.5|-5.25|4.0
2.0|-4.5|-2.25|1.0
-2.25|1.0|3.0|-4.5
1.0|2.5|3.0|1.0
1.0|-5.25|-4.5|-4.5|-2.25|-6.0|-3.0
3.0|3.0
2.0
3.5|3.0|3.0
1.0|-5.25|-3.75|1.0|-4.5
1.0|-4.5
-4.5|1.5|2.0
-3.75|-3.75|-1.5|-2.25|2.5|-3.75|1.0|-4.125
-4.5|3.0|-3.75|-3.75|-3.0
-2.25|1.5|-4.5|-4.5|-4.5|-6.0|-6.0|-4.5
1.0|-6.0|2.0|3.0|2.5|3.0
1.5|-4.5|-2.25|-3.75|-5.25|-3.0
-3.75|-2.25
5.0|1.5|1.0|3.0|-4.5|-4.5|-6.0|-4.5|-3.0|-2.25|-4.5|3.0|-3.75|-4.5|0|-4.5
-2.25|2.0|1.5|-4.5|2.0|-4.5|3.0
3.0|-4.5
-4.5|3.0|1.0|-4.5|-3.0|2.0|1.0|-4.5
-4.5|-4.5|-2.25|-3.75|-4.5
1.5|3.0|3.5|1.5|-3.75|-4.5|0|0|-4.5
-3.75|-3.0|1.0|-3.0|2.5
3.0|3.0|-4.5|1.0|3.5|1.0|3.0
-3.75
-4.5|2.0|-4.5|-3.75|4.0|1.5|3.0|-4.5|4.0|-4.5|-4.5
-4.5|1.0|-4.5|2.5|3.0|-4.5|-4.5
3.0|-4.5|-4.5|2.0|-2.25|1.5|1.0|1.5
-4.5|2.0|2.0|-1.5|-3.75|-3.75
2.0|-5.25|-4.5|-4.5|-3.0|-3.0|3.5|1.0|4.0|-4.5|3.0|1.0|-3.0|3.0|3.0|1.0|-2.25|1.5|1.5|-2.25|1.5|1.0|1.0|3.0|-3.75
-3.75|-4.5
4.0|-3.75|-4.125|-4.5|-4.5|1.0|3.0|-4.5
1.0|3.0|3.0|2.5
3.0
-4.5|-4.5|3.0|-3.0
2.0|-4.5|2.5|-4.5|-3.0|1.0|1.5
-4.5|-3.75|-4.5|2.0|3.0|-4.5
-4.5|-4.5|-3.75|-4.5|3.0|2.0|2.0|3.0|-4.5|-4.5|-3.75|-3.75
1.0|-1.5|-1.5
1.0|1.0
-4.5|2.0|1.5|-4.5|-4.5|-4.5
-3.0|-6.0|-4.5|-4.5|-4.5
-5.25|-4.5|-4.5
-4.5|3.0|-4.5|2.0|2.0|-4.5|2.0|1.5|3.0|3.0|1.5|1.0|1.0|-6.0|1.5|3.0|-4.5|-4.5|3.0|-3.0|-4.5|3.0|1.0|3.0|-3.75|-2.25|-3.75|-6.0|-3.75|-3.75|1.5
3.0|2.5|1.5|3.0|3.0
3.0|3.5|-4.5
1.0|-3.75|-4.5|2.0|-3.0
-4.5|3.0|-4.5|1.5|-4.5|1.5
-4.5|-4.5|2.0
-3.0|3.0|1.5|3.0|-3.0|-4.5|-6.0|-5.25
3.0
1.0|1.0|1.0
-4.5|-4.5|1.0
-3.0|-4.5|1.0|-6.0|3.0|2.0
2.0|-3.0|2.0|-3.0|-3.75|-3.75|5.0|-6.0|2.0|-4.5
3.0|3.0|3.0|3.0|3.0|-5.25|1.5|-5.25|0|1.0|-3.0|3.0|-4.5|1.0|-4.5|2.5|3.0|-5.25|-3.0|-4.5|2.5|-6.0|-3.0|-3.0|-4.5|1.0|-4.5|3.0|1.5|3.0|1.5|3.0|2.0|-4.5|-3.0|-4.5|-3.75|2.5|3.0|-1.5
2.0|1.5|-5.25|-3.75|-4.5|3.5|-1.5|-4.5|-6.0|-4.5
-4.5|2.0|2.0|-3.75|1.5|-2.25
-4.5|3.0|1.0|3.0
1.0|3.0|1.0
-3.0|2.0|-1.5|3.5|1.0|-3.0|-2.25
3.0|1.5|1.0|0|1.0|-4.5|1.0|-4.5|-3.0|-4.5|4.0
3.0|2.0|2.0|-3.75|3.5|1.0|3.0|2.5
-4.5|-3.75|1.0
3.0|3.0|-5.25|1.0|2.0|4.5|-3.0|-3.0|-3.75|2.0|-4.5|3.5|1.5|3.0|-1.5
-4.5|-2.25|-6.0|2.0|-4.5
2.0|-4.5|3.0|-1.5|-4.5
-4.5|-3.75|-4.5
-6.0
1.0|3.0|-5.25|3.5|-2.25|-3.75|2.0|1.5
-3.75|-3.75|-4.5|-4.5|-2.25|3.5|1.5|2.0
3.0|1.0|-4.5
3.0
2.0|-4.5|-5.25|-3.0|-6.0|1.5|1.0
3.0|3.0
-4.5|2.5
2.0|-3.75|-4.5|2.0
-3.75|-4.5|-3.0|-4.5
1.0|-3.75|-5.25|-4.5
-3.75|-3.0|-3.75|-6.0|1.0|-2.25|-4.125|1.0|1.0|1.5|1.0|2.5|3.0|3.5|-4.5|3.0
-4.5|2.5|-4.5|2.0|3.0
1.5|-3.75|-4.5|-4.5|-6.0|-6.0|2.0|-4.5|-3.0|-4.5|-4.5|-4.5|-4.5
-2.25|-5.25|-4.5|-6.0|3.0|-3.0|1.5
-4.5|2.5|1.5
-3.75|-4.5|3.5
3.0|0|1.0|-1.5
2.0|-2.25|-5.25|3.0|-3.0|-4.5|-5.25|3.0
-5.25
-4.5|3.0|1.0
-2.25|2.0|2.5
-4.5|-4.5|-4.5|3.0|-4.5|-3.75|-3.75|-3.75|3.0|-3.0|-4.5
-2.25|-4.5|-3.0|-3.75|2.5|4.0|-3.0|0|1.5|2.0|3.0|3.0|3.5|1.5
3.5
-4.5|2.5|3.0|3.0|3.0
-2.25|1.0|1.5|-2.25|3.0|-2.25|1.0|4.5|3.0|-2.25|-4.5
3.0|2.0|-3.75|-3.75|-2.25|1.5|-5.25|-6.0|-4.5|-4.5|3.0|3.0
1.0
2.0|-2.25|-4.5|-3.75|-4.5|-4.5
-5.25|3.0|0|-4.5|3.0|-1.5|-3.0|3.0|2.0|-3.75
1.0|-5.25
-2.25|-4.5|-4.5
1.0|-3.0|3.5|2.0
-4.5|-3.0|-3.0
-4.5|-3.75|1.0
3.0|-3.0|-5.25|1.0|3.0|3.0|-2.25|-3.75|2.0|3.0|3.0|-6.0|1.0|-5.25|1.0|3.0|3.0|4.0|-2.25|-3.0|1.0|3.0|-3.75|-5.25|-4.5|-4.875
-4.5|-4.5|1.5|1.5
4.5|-3.75|-2.25|-6.0|-3.75|-4.5|-6.0|2.5|2.0|1.0|1.5|-4.5|-3.0|-5.25
-4.5|-2.25|-4.5
3.0|-4.5|-4.5|-7.5|-3.75|-6.0|-4.5|1.0|-4.5|-3.0|-3.75|1.5|2.0|-4.5|2.0|1.5|2.5|-6.0
3.0|3.0
-4.5|1.0|-3.75
1.5|3.0|-4.5|-3.0|3.0|3.5|1.5|1.5|2.0|2.0|3.0
-4.5|1.0|-3.0
-4.5|1.5|-6.0|1.5|1.5|2.0
1.0|3.0|-4.5|1.5|2.0
-3.0|-4.5|1.0|-3.75|3.0
-4.5|3.0|-5.25
-5.25|-4.5|1.0
3.0|-4.5|-3.0|3.0|2.5|2.0|-1.5|-3.0|-4.5|3.0
1.0|2.0|2.0|-3.75|1.5|-4.5|-3.75|-3.0|0.8|-4.5|3.0|2.0|3.0
-5.25|3.0|-4.5|-3.75|-3.75|-3.0|1.5|2.5|-4.5|-5.25|-4.5
-4.5|2.0
3.0|1.5|3.0|-4.5|-1.5|-4.5|1.0|1.5|2.0|4.0|2.5|-3.0|1.0|-3.75|-4.5
3.0
-4.5|-4.5|-4.5|-4.5|-4.5|1.5
-6.0|-6.0|-4.5|1.5|-4.5|-4.5|2.5|1.5|-6.0|-3.0|-3.0|-3.0|-6.0
-4.5|-3.75|-3.0|4.5|-3.0
0|-4.5|-3.75|-4.5|-3.0|-3.75|-4.5
3.0|-3.75
-4.5|2.0|3.0|1.0
3.0|2.0|3.0|2.0|-3.75|1.0|-5.25|-6.0|2.5
-2.25|1.0|1.5|1.0|-3.75|2.0
-3.75|-4.5|3.0|-4.5|2.0|2.0|-4.5|3.0|2.0|-3.75|-4.5
4.0|3.0|3.5|-3.75|3.0|-4.5
-6.0|3.0|-3.0|-6.0|-6.0|-4.5|-5.25|-6.0|1.5|3.0|-2.25|1.0|2.0|1.0
-4.5|2.0|1.5|2.5|2.5
-2.25|-4.5|2.0|-3.0|1.5|-6.0|-3.0|-4.5|-3.75
2.0|3.0|-2.25|-6.0|-6.0|-4.5|-2.625|1.5|-6.0|2.0|-3.0
1.0|-3.0|2.0|-1.5|3.0|1.0|-3.75|4.0|-2.25|-2.25|-4.125|-3.75|-3.0|2.0|-4.5|2.5|3.0|-3.75|-2.25|3.0|-3.0|-4.5|3.0|-5.25|-4.5|-1.125|2.5|-5.25|-6.0|-3.75|-4.5|3.0|-4.5
3.0|-4.5|-4.5|3.0|2.0|1.0
3.0|-2.25|-4.5|1.5|2.0|-4.5|-4.5|3.0
-4.5|2.5
1.0|-3.0|2.0|-4.5|3.0|-2.25|-5.25|3.0
1.5|2.0|-3.0|-4.5|4.0|3.5|2.0|3.5
3.0
1.0|-4.5|1.0|3.0
3.0|3.5|-2.25
3.5
-4.5
4.5|3.0|-4.5|3.0|0|-3.75|-4.5|1.5|-4.5|-2.25|3.0|3.0|3.0|3.0
-5.25|-5.25|-1.5|3.0|-4.5|3.0|-6.0|2.0|1.5|3.5|-5.25|2.0|1.0|-6.0|-4.5|-2.25|3.5|-4.5
1.0|-2.25|-4.5|2.0|-3.0
-4.5
1.0|1.5|3.0|2.0|3.0|-3.0|-6.0|-6.0|3.0|3.0|-3.0|1.0|2.0|1.0|-3.75|3.5|-3.75|1.5|1.0|0|-3.75|-4.5|-3.75|2.0|1.0
-5.25|4.0|2.0|-5.25
1.0|2.0|2.0|2.0|-2.25|3.0|2.0|-3.375|-3.375|0|-4.5|1.0
-3.75|-3.75|-4.5|-2.25|-2.25|-4.5|-3.0|-4.5|2.0|-3.75|-3.0|-6.0|3.0|2.0
1.5|3.0
2.0|-2.25|-4.5|-4.5
3.5|1.5|3.0|3.5|-5.25|3.0|3.5|1.0|-4.5|3.0|-2.25
-3.0|-6.0|1.5|-6.0|1.5|-4.5|-4.5|3.0|2.0|3.0|1.5|3.0|-4.5
-4.5|2.0|-3.75|-4.5|-3.75|1.0|2.5
-3.75|-4.5|1.0|-4.5|1.5|4.0|-3.0|-3.75|-3.75|-4.5|3.0|-6.0|3.0|1.5|3.0|-6.0
1.0|-4.5|3.0|3.0|2.0|-6.0
3.0|-4.5|-3.75|-3.0|3.0|2.0|-2.25|3.5
-2.25|-4.5|3.0|-4.5|3.0
-1.5|-1.5|2.5
1.0|1.5|-4.5|-4.5
4.0|2.0
3.0|-3.75|-3.75|-3.0|-1.5
2.0|-1.5|-5.25|1.5|3.0|-5.25|3.0
-4.5|2.5|-4.5|-4.5|-3.0|-2.25|-3.0|1.0|1.0|4.0|1.5|3.0|2.0|1.5|2.0|1.0
1.5|-3.75|-4.5|-4.5|1.5|-4.5|-4.5|-3.0|-2.25|-4.5|4.5|3.0
-4.5|-3.0|-2.625|1.0|1.5
3.5|2.0|1.0|3.0|3.0|-3.75|2.5|-3.0|2.0|2.0|3.0|-4.5
1.5|4.0|0|3.0|-5.25|-6.0|-3.0
2.25|-4.5|1.0|3.0
2.0|1.0|-3.75|2.0|-3.75|-2.25
3.0|-3.75|3.0
3.0|-4.5|1.5|-2.25|-3.0|1.5|-2.25|1.0|1.5|1.0|2.0|2.0|-4.5
1.0|-1.5
-4.5|2.0|-4.5
-6.0|-3.0
1.5|2.0|-4.5|3.5|-2.25|3.0|2.0|3.0|0|-2.25
-3.75|1.0|2.5|2.0|-3.75|2.0|-4.5|-3.75|2.0|3.0|-4.5|2.0|2.5|3.0|1.0|3.0|3.0
-4.5|1.5|3.0
-3.75|-3.75|1.0|3.0
-3.75|-4.5|-3.75|-4.5|3.0|-3.75|-4.5|3.0|4.0
2.0
3.0|3.5|1.5|2.5|-3.0|-2.25|-6.0|4.5|4.5|2.0|-5.25
-3.75|3.0|1.5|2.0|-4.5|3.0|-4.5|1.5|3.0
1.0|-4.5
3.0|3.0|-2.25|3.0|-4.5|-3.0|1.75|1.5|2.5|3.0|-3.75|3.0|2.5|-4.5|1.5|1.0|1.5|2.0|-4.5|1.5|1.75|1.5|3.0|1.5|3.0|-4.5|1.0|3.0|2.5|-5.25
-4.5|1.5|-4.5|-3.75|-4.5|0|-4.5|3.0|2.5
-4.5|-1.5|3.0|-3.0|-3.0|-6.0|2.0|2.0|2.5|1.0|-4.5|3.0|1.0|1.0|-5.25|3.0|1.5
-5.25|2.0|-3.0|-4.5
-4.5|2.0
-3.75|1.0|-3.75|-4.5|-3.75|3.0|-3.75|3.0
3.0|3.5|-4.5|2.0|1.0|-4.5|-6.0|-4.5|3.0|-3.0|2.0|3.0|-3.75|-4.5|-4.5|1.0|3.5|-4.5
-3.0|-3.0|-4.5
-3.75|-4.5
3.5|2.0|-3.75|2.0|-3.75|-4.5|-2.25|1.0|2.0|1.5|-3.75|-2.25|3.0|1.5|0|-2.25|3.0|-3.75|2.0|2.0|3.0|3.0|3.0|-4.5|5.0|2.0|-4.5|-3.0|2.0|-3.0|2.5|3.0|-3.0
-5.25|-3.75|-6.0|-3.0|2.0|-6.0|-6.0|-4.5
-3.0|2.0|-4.5|-4.5|1.5|3.0|3.0|-3.75|-2.25|-4.5|-3.0|-4.5|3.0|3.5
2.0
-4.5|-4.5|3.0|2.5|2.0|2.0
1.5|-4.5|3.0|3.5|-3.75|2.0
3.0|3.0|-1.5|3.0|-2.625|3.0|-4.5|-3.75|-4.5|-3.75|-2.25|-3.0|2.0|-3.75|2.0|2.0|-2.25|-4.5|3.0|3.0|-5.25|3.0|1.0|1.0|-4.5|1.5|-2.25
-4.5|-2.25|2.0
-3.75
0|-3.75|-4.5|-4.5
3.0|-5.25|-2.25|1.5|-2.25|-2.25|-2.25|-3.0|-5.25|-4.5|-3.75|2.0|-4.5|3.5|2.0|3.0

-2.25|2.5|3.0|1.5|-3.75
-4.5|3.0|1.0|-2.25|-3.75|-4.5|-3.75|3.0|-4.5|2.0
-4.5|-2.25|2.5|-3.75|2.0|-3.75|1.5|-3.0|-4.875|1.5|-4.5|-4.5|1.0|-3.0|2.0|1.5|3.0|-4.5|3.0|1.0|3.0|3.0|-4.5|-3.75|3.0|-4.5|-4.5
3.0|3.0|3.0
3.0|-4.5|1.5|-5.25|-4.5|3.0
3.0|3.0|-3.0|1.0
3.0|1.0|-4.5
1.0|3.0|3.0|2.5|-4.5|-3.0|-2.25|3.0
-4.5|2.0|2.0
3.0|-3.75|3.0|0|-4.5|1.0|3.0|-5.25|-5.25|-5.25|3.0|3.0|2.5|-4.5
-5.25|2.0|-4.5
-4.5|2.0|-5.25|3.0
2.0|1.5|-2.25
3.0|-4.5
-4.5|-2.25|-4.5|3.0|2.0|-3.75|-3.75
3.0|-3.75|3.0|-4.5|1.5|-4.5|2.0
3.0|4.0|3.0|2.0|3.0|1.0|1.0|1.0|2.0|2.0|2.0|-4.5|2.0
3.0|1.5|-5.25|-4.5
-2.25|3.0|1.0
3.0|-4.5|3.0|3.0|-3.75|3.5|2.0|-3.0|3.0|-2.25|-4.5|-3.75|-5.25
2.0|1.5|3.0|3.5|-3.75|2.0|2.0|2.0|3.0
-3.75|-4.5|-3.0|-6.0|0|-4.5|2.0|-6.0
3.0|3.0|2.0|3.5|-4.5|3.0|3.0|-3.75
3.0|-3.0|-4.5|-6.0
-6.0
-3.0
3.0|-4.5|3.0|-5.25
2.5|2.0
-4.5|1.5|3.0|3.0|2.0|-3.75|-3.0|2.5|-2.25|-3.75|-2.25|-2.25|3.0|-4.5|2.0|1.5|-7.5
-4.5|-4.5|1.5|3.0|3.0
2.0|-6.0|1.5|2.0
3.5|3.0|3.0|-5.25|1.0|-6.0|-4.5|-6.0|-6.0|-6.0|-3.75|1.0|1.5|-4.5|-6.0|-4.5
-4.5|-4.5|3.0|-6.0
-3.75|1.0|-4.5|3.0|1.0
1.5|-4.5
4.0|3.0|2.0
-4.5|3.0|3.0|3.0|-4.5
-2.25|3.0|-2.25|1.0|2.0|3.0
-4.5
-4.5|2.0
-4.5|2.5|-6.0|-3.0
-4.5|2.0|-4.5
-3.75|-3.75|3.0|-6.0
2.0|-3.75|2.0|-3.75|-3.75|-4.5|-1.5|2.0|-4.5
1.0|-3.0|-3.75|3.0|2.5|2.5
-4.5|-1.5|4.0|1.0|3.0|1.5|2.0|2.0|1.5|-4.5|3.0|-5.25|-1.5|2.5|-3.0
-4.5|-4.5|-5.25|-5.25|-2.25|-1.5|-4.5|1.0|-4.5|-5.25|-4.5|2.0|-4.5|-4.5|2.0
4.0|3.0
-4.5|3.0|1.5|2.0|-3.75|3.0|2.5|1.5|-3.75|3.0|1.5|3.0|1.5|1.0|-3.75|2.5|1.0|-2.25|4.5|3.5|2.5|-4.5
3.0|3.0|3.5
-4.5|1.0
1.0|2.0|1.0|-4.5|-3.0|1.0|1.5|-4.5|-5.25|-4.5|-4.5
1.5|-3.75|3.0|2.0|4.0
-4.5|-1.5|1.0|-4.5|3.0|-4.5|-3.0|2.0
-4.5|1.0|-4.5|1.0|3.0
3.0
-4.5|0|1.0|-6.0|-3.75|-3.75|-3.0|3.0
3.0|-5.25|-4.5|-3.0|-4.5|3.0|2.5|2.0
-4.5|1.5
-2.25|-3.75
1.0|1.0|-4.5|2.0|2.5|-4.5|3.0|-3.0|-3.75|3.0

-5.25|-4.5|-4.5|-4.5|2.0|3.0
3.0|2.0|3.0|-2.25|-3.0|1.0
-4.5|-3.0|-2.25|-3.0|-4.5|-6.0|-3.75|-5.25|-5.25|-4.5|2.0|-4.5
-6.75|3.5|-3.75|-3.75|-3.75|1.0|3.5|-3.0|1.5|-4.5|-4.5|3.0|-6.0|-3.0|-4.5|3.0|3.0|-4.5|-2.25
3.0
-2.25|-2.25|3.0|1.5
-6.0|4.5
-2.25|1.0|-6.0|2.0
-6.0|-4.5|1.5|-6.0|-4.5|-5.25|2.0
-4.5|-3.75|-3.75|3.0|-3.75
1.0|3.0|1.0|2.0
-4.5|-3.75|-6.0
3.0|2.0|-4.5|2.0
-4.5|2.0|-3.0|-3.75|-4.5|-3.75|2.0
2.0
-3.75|3.0|3.0
-4.5|-2.25
3.0
-2.25|3.5|-3.75|-4.5
-2.25|-4.5|-4.5
1.5|-1.5|-1.5|2.5|-4.5|-3.0
2.0|1.0|3.0|-5.25|3.0
-3.0|-4.5|3.0
3.5|3.0|-5.25|-4.5|2.0|-6.0|-4.5|-4.5|-3.0|1.0|1.5
1.5|1.5|-6.0|1.0|-3.75|1.0|1.0|-3.75|-4.5|-2.25|3.0|3.0|-4.5|-3.75|1.0|-1.5|2.0|1.0|3.0|2.0|3.0|-4.5|2.5|-3.75|-4.5|-2.25
3.5|-5.25|-1.5|-4.5|-4.5|-2.25|-3.0|-4.5|-4.5|2.0|2.0|3.0
-2.25|-3.75|-3.75|1.0|-4.5
3.0|2.0|2.0
2.0|-3.0|5.0|-3.75|4.5|-3.75
-6.0|-4.5
3.0|2.0|1.5|2.0
1.5|3.0|1.0|-2.25|1.0|1.0
3.0|3.0
-4.5|1.0|1.0
-4.5|-4.5
-2.25|1.0|-4.5|-4.5|-3.75
-4.5|1.5|3.0|-4.5|-4.5|-2.25|2.0|3.5|3.0
1.5|-2.25|-4.5|-4.5|-4.5
-4.5|3.0
-4.5|2.0
1.5|-2.25
1.0|-3.0|-4.5
3.0|1.0|3.0|1.5|3.0|-3.0|3.0|2.0
-4.5|-4.5|-4.5|4.0|3.0|-4.5|-4.5|1.5|2.0|2.0
-2.25|-4.5|-4.5|2.0
-3.75|-6.0|-3.75
3.0|3.0|3.0|-4.5|3.0|-4.5|-4.5
-2.25|0|-4.5|2.0|-2.25|2.5|1.0
3.5|2.0|-4.5|-4.5|-4.5|-3.75|-4.5
-6.0|3.0|3.0|3.0|2.5|4.0|-4.5|3.0|3.0
3.0|2.0
-4.5
-4.5|-4.5|3.0|-1.5|-3.75|-3.75
-2.25|-2.25|-3.75|4.0|3.0|-2.25
2.0|3.0
-4.5|-3.75|-3.0|-2.25|-4.5|2.0|1.5
3.0|3.0
3.0|-2.25|-4.5|-4.5|1.5
3.0|-5.25|-4.5|3.0|-4.5|1.0|-4.5|-3.0|3.0
3.0|-3.0|-5.25|-3.75|-3.0|2.0|3.0|-1.5|2.0|1.5|0.8|3.0|-3.75|-4.5|2.0|-4.5
3.0|1.0|1.5|-4.5
2.5|-4.5|4.0|3.5|1.0|2.0
1.0|-3.75|-4.5|-2.25
1.0|1.0|-4.5|1.5|3.0|-4.5|1.0|3.0
-4.5|-4.5|-2.25|2.0
1.5|0|3.0|3.0|-4.5|-3.75|3.0|3.0
3.0|-4.5
-4.5|-3.0|2.5|-3.75|1.5
0|3.0|-5.25|-5.25|-4.5|-6.0|-4.5|0|-4.5|3.0
-3.75|2.0|-5.25|-1.5|-4.5|-5.25|-5.25|2.0
3.0|4.0
1.0|-2.25|-6.0
2.0|-4.5|-4.5|-3.75|-4.5|-4.5|1.5

-4.5|-3.75
-4.5|2.0|1.0
-4.5|-4.5|2.0|-3.0|2.0|-3.75|2.0|-3.0|3.0
-4.5|-3.75|-4.5
3.0|2.0|1.0|-2.25|1.0|2.0|-4.5|-4.5|-2.25|1.5|-4.5|1.0|3.0|2.0|3.0
2.5|2.0|3.0|-4.125|-3.75|2.0|1.5|-3.75|-1.5|-4.5|1.0|3.0|3.0|3.0|3.0|3.0
2.0|-3.75|1.5
1.5|-6.0|-4.5|-4.5|-4.5|-1.875|-6.0|2.0
-5.25|2.0|-2.25|2.0|4.0|-4.5|3.0|3.0
3.0|3.0|2.0|-4.5
-2.25|3.0
-2.25|4.0|2.0|-3.75|-4.5|3.0|1.0|1.5|1.5|3.0|-2.25|-3.75|3.0|3.0
1.5|3.0
2.0|3.5|2.5|-2.25|1.0
-3.0|2.5|1.0|3.5
-4.5|3.0|-6.0|3.0|-2.25|-6.0|4.0|1.0|1.5|2.0|-4.5|3.0|-4.5
0|-4.5|0|1.5|3.0|-5.25|-3.75|-3.75
3.0|3.0|-5.25|-2.25|-2.25|-4.5|3.0|1.5
2.0|-4.5|2.0|2.0|1.5|3.0|-4.5|1.5|-2.25|-3.75|-4.5
3.5|3.0|3.0|-3.0|-1.5|3.0|-2.25|3.0|2.0
-2.25|-3.75|-3.0|-5.25
-5.25|2.0|3.0|-5.25|-4.5|-3.75|-3.0|-3.0|-4.5|-3.75|-2.25|3.0|-3.0|-4.5|1.0|-4.5|3.0|-2.25|3.0|1.5|2.0|2.0|2.0|2.0|-3.75|-3.75
-3.75|1.5
3.0|3.0
-4.5|-3.75|-4.5|-6.0|3.0|-3.75
2.0|-4.5|-4.5|3.0
-3.75|-4.5|-6.0
-4.5|1.0|-2.25|3.0|-3.75|3.0|3.0|3.0|3.0|3.0
2.0|-3.75|-4.5|-4.5|3.0|-3.75|-2.25|3.0
-5.25|-4.5|-4.5
-3.0|-4.5
3.0|2.0|-2.25|-4.5|-3.75|-4.5|-3.75|1.5|-4.5|2.0
-4.5|3.0|-6.0|3.0|-4.5|2.0
-6.0|3.0
-3.75|3.0|1.0|-4.5|3.5|3.0|3.0|-3.75|-5.25
-4.5|-3.0|-4.5|-3.0|-4.5|1.5|1.5
1.0|1.0|2.5
2.0|-2.25|-4.5
3.0|3.0|3.0|3.0|1.0|3.0|3.0|2.5|3.0|2.0|3.0|3.0|2.0|3.0|5.0|3.0|2.5
-4.5|-2.25
1.0|2.0|0|-1.5|2.0|1.5
3.0|3.0|-4.5|3.0
-4.5|1.5|3.0
-3.75|1.5|-4.5
-3.75|-6.0|3.0
3.0|3.5|-3.75|-3.0|3.0
3.0|3.0|4.0|-3.0|2.0|-4.5|-4.5|2.0
-5.25|3.0|3.0|3.0|-5.25|2.0|-3.75|-4.5|2.0
-4.5|1.5|1.0|1.5
1.5|-3.75|-2.25|3.0|2.5
1.0|1.5|-4.5|3.0
-2.25|-5.25|3.0|-2.25|3.0|1.5
-4.5
3.0|-4.5|-3.75|-3.75|3.0|2.0|-4.5|-4.5
-3.75|1.0
2.0|2.5|3.0
-4.5|-4.5|-6.0|-2.25
-4.5|3.0|-4.5|3.0|1.5|1.5|-4.5|-4.5|-5.25
2.0|-3.0|1.0
-4.5|1.0|3.0|3.0
-4.5|-4.5|3.0|-4.5|-4.5
-4.5|-3.0
-4.5|-4.5|-2.25|-6.0
1.5|1.5|-2.25|-3.75|3.5|-3.75|-3.75|3.0|-4.5|-2.25|-4.5|2.5|-4.5|-3.75|3.0|-4.5|2.5|3.0|-2.25|2.0|-4.5
-4.5|-4.5|3.0|-5.25
3.0|2.0
1.0|1.0|3.0|1.0|1.5|2.0|-5.25|-4.5|2.5|1.0|2.0|-3.0|-4.5|-4.5
-4.5
-4.5|-4.5
-4.5|-4.5|-3.0|-3.0|-3.75|-4.5|2.0|-4.5|-4.5|-4.5|1.5|2.0|3.0|-4.5|3.0|3.0
2.0|-2.25|1.0|2.5|2.0|-3.75
-3.75|-4.5|1.5|2.5|3.0
3.0|-4.5|1.5|1.5|2.0|2.5|3.0|2.0|2.5|3.0
2.5|2.0|1.0|4.0|-3.0|-6.0|2.0|-5.25|3.5|1.5|3.0|1.5|2.0|-2.25|-6.0|-6.0
-4.5|-4.5|-4.5|2.5|2.0|3.0|1.5|3.0|-3.0|2.0|1.0|2.0
3.0|-4.5|-3.75|-3.75|4.0|-1.5|2.0
1.0|2.0|3.0|-3.75|3.0|1.0|2.0|2.0
0|1.5|3.0|-2.25|-5.25|-3.0|-3.0|3.0|3.0|2.0|2.0|3.0|3.0|-3.0|3.0|3.0|3.0|3.0|-4.5|-2.25|2.5
3.5|2.5|1.5|3.0|2.0|-5.25|-3.75|-3.0|-4.5|1.0|-2.25|-3.0
-3.75|3.0|1.5|3.0|-6.0|-1.5|1.5|3.0|-3.75|1.5|-4.5|-2.25|-4.5|2.0|-6.75|3.0|-6.0|1.5|1.5|1.5|-2.25
3.5|2.5|2.5|2.0|2.5|-6.0
-4.5|3.0|-4.5|2.0|-3.75|1.5|2.0|3.0
2.0|-4.5|-4.5|-3.75|-2.25|-4.5|1.0|-5.25|2.0
-4.5|1.5|-5.25|-4.5|2.0|3.0|2.5|-3.75|2.0|1.0
3.0|2.25|-4.5|-2.25|-2.25|-6.0|1.5|3.0|3.0|-5.25|1.5|3.0|1.0|2.5|1.0|3.0|4.0|3.0|2.0|1.5|1.5|2.0|1.5|1.5|1.5|1.5|2.5|-2.25|-3.0|2.0|4.0|1.5|1.5
-3.75|1.5
2.0|2.0|3.0|-3.75|4.0|2.0|-3.75|-5.25|1.5|-3.75|-3.75|3.0|3.0|3.5|1.0|-2.25|2.5|-2.25|-4.5|-2.25|1.0|-2.25|1.0|3.0|2.5|1.0|-4.5|2.5|-3.0|-1.5|2.5|3.0|3.0|-4.5
-2.25|-3.75
2.0|1.0|2.0|-4.5|-4.5|-3.0|3.0|-4.5|-3.0|0
1.0|3.0|-3.75|-2.25|-3.75
-4.5|-4.5|-3.0
-4.5|3.0|2.0|3.0|2.0|1.5
-4.5|2.5|2.5|-4.5
-2.25|4.5|3.0|-6.0|-3.75|3.5|1.5|1.0|-3.75|2.0|-3.75|-1.5|-2.25|1.0|1.0|3.0|1.0|-5.25|-3.0|0|-1.5|-3.75|3.5|3.5|3.0|-3.75|1.5|-3.75|3.0|1.5|-5.25|3.0|-4.5|3.0|2.5|-3.75|-4.5|2.5|3.0|2.0|1.0|1.0|-3.75|-6.0|3.0|2.0|2.0|4.0|2.5|2.0|4.5|3.5|4.5|3.5|4.5|-5.25|-3.75|-6.0|4.5|3.0
3.0|2.0|1.0|1.5|1.0|3.0|3.0|-4.5|2.5|3.0|3.0|-5.25|-4.5|3.0|1.5
-3.0|-4.5|-3.75|-3.75|-4.5|1.0
1.0
-5.25|-4.5|-2.25|1.5|-5.25|-5.25|-3.0|3.5|2.5|3.5|-4.5
-4.5|2.5
-3.0|-2.25|3.0|3.5|2.0|0|2.5|3.0
-3.75|1.0|-1.5|2.0|3.5|-3.0
1.0|3.0|-3.75|2.0|2.0
-5.25|2.0|-2.25|-2.25
-2.25|2.5|-6.0|1.5|2.0|2.0
3.0
1.5|1.5|1.5|3.0|-3.0|-4.5
-5.25|-3.0|2.0|3.0|-3.75|-6.0|1.5|-5.25|-3.0|-3.0|1.5|3.0|2.0|0|3.0|-4.5|2.5|1.5|3.0|3.0|3.0|3.0|-4.5|2.0|3.0|-5.25|3.0|-3.75|2.0|-3.75
1.5|-4.5|2.0|-3.75|-4.5|3.0|-2.25|3.0
3.5|-5.25|-4.5|3.0|-4.5|-5.25|2.0|3.0|-4.5|-4.5|3.0|-3.75|-3.75
1.0|-3.0|2.0|-6.0|3.0
-1.5|3.0
-3.75|-3.75|-3.75|3.5|-1.5|-1.5
-3.75|-3.75|-3.75|-3.75|-4.5|1.0
3.0|-4.5|-3.75|-4.5|-3.0|4.0|0|1.5|2.0|3.0|3.0|3.0|-4.5|3.0
-3.0|-3.75|0|2.0|2.0|3.0|-4.5|-5.25
3.0|-4.5|-4.5|1.0|-4.5
3.5|3.0|3.0|1.0|2.0|3.5|-4.5|3.0|3.0|1.5|-3.0
-4.5|3.0
2.0|-4.5
-3.75|-3.75|-4.5|-3.75|4.0|-5.25
-4.5|-4.5|-4.5|3.0|-4.5|3.0|-3.75
3.0|-6.0|-4.5|3.0
3.0|-3.75|-4.5|-4.5|-4.5
2.0|-4.5|-2.25|-3.0|-6.0|-2.25|-6.0|1.75
-4.5|2.0|3.0|3.5|2.0|-3.75|-3.75|3.0|2.5|2.0|1.0|3.0|3.0|3.0|-4.5|-1.5|3.0|1.0|2.0
3.0|3.0|3.0|3.0|-4.5|-4.5|-4.5
-5.25|3.0|-4.5|-4.5|-3.75|-3.75|2.5|3.0|-3.75|-3.75|1.5|2.0|-4.5|3.5|-4.5|3.0|2.5|-3.75|-3.0|-4.5|3.0|2.0|-4.5|3.0|-4.5|-3.0|-4.5
1.0|-6.0|3.0|-3.75|-2.25|-6.0|-3.75|3.5|-6.0|3.0
1.5|2.0|-3.0|-3.0|-5.25|-3.0
2.0|3.0
1.0|-4.5|3.0|3.0|3.0
2.0|1.0|-1.5|3.0|-4.5|-4.5|-1.5|1.5|-3.75|-6.0|-3.0|1.0|-6.0|2.5|2.5|-1.5|-4.5|1.0|-6.0|2.5|-3.0|-2.25
1.5|3.0|-3.0|1.0|-4.5|3.0|3.0|2.0|3.0|3.0|3.0
2.0|3.0|2.0|3.0|-5.25|-4.5|1.0|3.0|-4.5|3.0|3.5|3.0|-4.5|-5.25|3.0|-5.25|-2.25|3.0
1.0|-3.0|2.0|-6.0
2.0|-5.25|-5.25
-2.25|1.5|-4.5|-4.5|-4.5|-4.5
3.5|1.0|2.0|1.5|-4.5|1.5|3.0|1.5|3.0|-4.5|3.0|-4.5|3.0|3.0
-4.5|-4.5
-4.5|-3.0|2.0
3.0|1.0|-4.5|2.0|2.0|-4.5
-4.5|2.0|3.0|-4.5|2.0
-5.25|2.0|-3.0|1.5|3.0|3.0|0|-3.0|-3.0
-4.5|1.0|-3.0
-2.25|-3.0|-5.25|-4.125|-4.5|-4.5|3.0|-6.0|-2.25|-4.125|-4.5|-6.0|1.5|1.0
3.0
-2.25|-3.75
3.0|3.0|-1.5|2.0|3.0|3.0|3.0|-1.5|3.0|1.0
-4.5|-2.625|-5.25|-3.0|3.0|3.5|3.0|1.0|1.5|2.0|-4.5|-3.75
-4.5|-5.25|-4.5|2.0|-4.5
3.0|-2.25|0|-5.25
2.0|3.0|3.0|-4.5|-1.5
3.0|3.0|3.0|2.0|-3.75|3.0|-3.75|-2.25|-3.75|3.0|2.0|3.0|-2.25|1.5|3.0|3.0|2.5|3.0|3.0|2.0|2.0|3.0
3.0|-3.75|-3.75|-4.5|-3.0
2.0|3.0|-2.25|-2.25|-3.0|1.5|-4.5|-3.0|3.0|3.0|3.0|3.5
-5.25|-4.5|1.0|2.5|-4.5|-3.0|0|2.5|-4.5|-5.25|-4.5|1.75|-4.5
1.0|1.5|-4.5
-3.75|1.0|3.0|-2.25|2.0
-5.25|2.0|1.0|-3.0|-3.75|-2.25|-3.75|-2.25|-2.25|-3.75|-4.5|-4.5|-3.75|2.0|1.0|-2.25|1.5|-4.5|2.5
-4.5|-2.25|2.0|3.0|-6.0|3.0
1.5|1.0|3.0|-4.5
3.0|-6.0|2.0|-5.25|3.0|-3.0|-3.0|3.0|-4.5
1.0|-3.75|3.0|-5.25|1.0|3.0|-4.5|1.0|3.0|2.0|1.0|2.0|3.0|-3.0|3.0|-5.25|-3.0|-4.5|3.0|1.5|2.5|-4.5|2.0|-4.5
-3.75|2.0|-3.75|2.0|3.0|-3.75|-4.5|-4.5|-3.75
2.0|2.0|1.0|-3.75|2.0|-3.75|-3.0|2.0|-3.0
-4.5
3.0|-2.25|1.0|3.0|3.0|-1.5|1.5|3.0|-4.5
-4.5|-3.0|-6.0|-1.125|3.0|-4.5|3.0|3.0|3.0|1.5
-5.25|1.0|2.0|-3.0|-5.25|-3.75|-4.5
3.0|1.0|-4.5|-4.5|-4.5|3.0|-2.25|3.0|3.0|3.0|3.0|-4.5
1.0|-3.75|1.5|2.0|-4.5|2.0|3.5
-3.75|-2.25|-4.5
-4.5|3.0|-4.5
-4.5|-6.0
-4.5|-4.5|3.0|0|3.0|2.0|3.0|1.0|2.0|1.0|1.0
-4.5|-4.5|-4.5|-7.5|-3.75|-4.5|3.0|1.5|1.0|2.0|-6.0|3.0|-3.75|3.0|3.0|3.0|1.5|1.5|-4.5|-3.75|-3.0|-4.5|2.0|3.0|-3.0
1.0|2.0|-4.5|3.0
-4.5
-4.5|3.0|3.0|2.0|3.0|1.5|-5.25|3.0|1.5|-4.5
-4.5|3.0
2.5|-4.5|-4.5|1.5|-4.5|-6.0
3.0|-3.0|-3.0|-4.5|-3.75|3.0|-2.25|3.0|-3.0|2.0|3.0
-5.25|2.0|-4.5|-6.0|-3.75
-3.75
-3.75|-6.0
3.0|1.0|1.5|2.0|-4.5|-5.25|-3.75|-4.5|-3.75|-4.5|0|-4.5|-2.25|1.5|3.0|-4.5|-4.5|2.0|3.0|3.0|2.0|2.5
-4.5|-3.75|-3.75|-3.75|-4.5|1.5
-2.25|1.0|1.0
1.0|-3.75|1.0|3.0|-4.5|2.0|1.0|1.5|-4.5|-4.5
-4.5|1.5
-3.0|3.0|1.5|1.5|-4.5
3.5|3.0|3.0|1.0|-4.5|-4.5|-4.5
3.0|-5.25|-3.75|0|3.0|-5.25|2.0|-3.0
-4.5|2.0|-2.25|-4.5|3.0|2.0|-5.25|1.0|1.5
-4.125|2.5|1.0|3.5|-4.5
3.0|-2.25|-6.0|-5.25|3.0|-5.25
3.0|-4.5|-4.5
3.0|-3.75|2.5|2.5

1.5|-2.25|1.5|-3.0|-3.75|0|3.5|0.8|2.0|3.0|-4.5|-3.0|3.0|3.0|-1.5|-3.75|-5.25|1.5|-3.75|-4.5|-3.0|-3.0|-4.5
3.0|-1.5|3.0|-4.5|2.0
1.5|1.5|1.5
-4.5|1.5
3.0|-3.75|3.5|3.0
-4.5|-6.0|-6.0|-4.5|-2.25
-4.5|-4.5|-4.5|-4.5|-3.75|-3.0|3.5|-2.25|3.0|-3.0|2.0
-3.75|-2.25|2.0|-4.5|-4.5
-4.5|-5.25|-2.25
-5.25|-6.0|-3.75|-2.25|0|-2.25|-4.5|-3.0|-4.5|-4.5|3.0|3.0|-6.0|-2.25|-6.0|-4.5|-4.5|-4.5|2.5|-3.0|-5.25|-6.0|-6.0|5.0|-4.5
-5.25|-2.25|-2.25
3.0
-2.25|-4.5
2.0|-4.5
-3.0|-3.0|3.0|3.0|1.0|3.0|1.5|-2.25|-4.5
3.0|3.0|-3.0|-3.75|-1.5|3.0|-4.5|-3.0|2.0|3.0
2.0|-4.5|3.0|-3.75
1.0|-4.5|-4.5|-4.5|3.0|-4.5|3.5
2.0|3.0|-4.5|-3.75|-3.75|-3.0|2.5|3.0
-3.75|-2.25|-3.0|2.0|-3.0|1.5
3.0|-2.25|-3.75|1.0|-4.5|-5.25|3.0|1.0|2.0|3.0|-3.75|4.0|3.0|2.0|-2.25|1.5|-4.5|-4.5|1.0|-2.25|0|-4.5|0|3.0|3.0|2.0|3.0|4.0
3.0|2.5|3.0|-3.75
-3.75|-3.0|3.0
3.5|2.0|2.0|-5.25|3.0|2.0|2.5|2.5|1.5
2.5|-3.75|2.5|-3.0|-3.0
-5.25|-2.25
1.5|3.0|-4.5|-3.75
-2.25|-4.5|1.0|3.0|-4.5|3.0|3.0|1.0|2.0|-3.75|3.0|1.0|-4.5|-4.5|-4.5|-3.0
-6.0|-3.75|-3.75|1.0|-4.5|2.5|1.5|-3.0|3.0|-4.5
-5.25|-4.5
3.0|3.0|2.5|-4.5|2.0
-4.5|0
3.0|1.5|2.0|-3.75|-5.25|-3.75|-2.25|-6.0|5.0|3.0|-1.5
1.0|-3.75|-6.0|-4.5|1.0|-3.75|-5.25|3.5|-3.75|-3.75|1.0|-4.5|-1.5|-3.75|1.0|-2.25|1.0|-4.5|3.0
2.0|3.0|2.0|-3.75|3.0|-2.25|-4.5|1.5|2.0
1.0|-2.25|-4.5
3.0|-5.25|4.5
1.0|-2.25|2.0|2.0|2.0|-2.25
-4.5|-4.5|-3.75|3.0|-2.25|3.0|-6.0|1.5|-4.5
3.0|-3.75|1.0|-4.5|-3.0|3.0
-3.75|-4.5|-4.5|-3.75|-4.5|1.0|3.0|3.0|1.5|2.0|3.0|3.0
2.0
2.0|-4.5|-6.0|-6.0|-6.0|-6.0|2.0|-3.0|-4.5|1.0|3.0|-6.0|3.0|2.0
3.0|2.5|3.0
1.0|-3.75|3.0|-2.25
3.0|3.0|2.0|1.5|3.0
-4.5|-4.5|3.0
1.5|-3.75|1.5
-4.5|3.0
3.0|-5.25|-3.0|-3.75|1.0|2.0|-4.5|-4.5|1.0|-2.25|-2.25|2.0|-4.5|3.5|3.0|-4.5|-5.25|0|1.5|-3.0|2.0|2.0|1.5
-3.75
-4.5|-4.5|-3.75|3.0|1.5
3.0|1.1|-3.75
1.0|-1.5|2.0|-3.75|-3.0
2.0|2.0|-6.0|2.0|-3.75|2.0|-3.75|-3.0|-3.75|2.0|1.0|3.0|1.0
3.0|-5.25|3.0|-4.5|3.0|-5.25|-4.5|-3.75
2.0|2.0|1.5|-3.0|2.0|3.0
3.0|-3.0|3.0|2.0|3.0|-3.0|3.0
-3.0|3.0|-3.75|-5.25|2.0|2.0|3.0|2.0
1.0|0|2.0|0|-2.25|3.0|-3.75|-4.5|3.0|-4.5
3.0|2.0|1.0|-4.5
2.0|3.0|1.0
3.0|2.5|1.5|-4.5|-2.25|-2.25|3.0|2.0|2.0|-5.25|1.5|1.0|-5.25|3.5|1.5|2.0|3.0|-4.5
-4.5|-3.0|-3.0|-3.75|3.0|-3.0|3.0|-1.5|-1.5|-3.75|-3.0
-6.0|2.0|-4.5|-5.25|-3.75|-3.0|2.0
3.0
1.5|1.0|2.0
3.0|3.0|-4.5
-6.0|-3.0|-4.5|2.0|-1.5|-3.75
-3.75|-2.25|-5.25|3.0|-4.5|3.0
3.0|2.0|-3.0|1.5
-2.25|3.0|1.0
-3.75|1.5|1.5|-2.25|1.5|2.0
2.0|3.0|3.5
3.0|-4.5
3.0|1.0|-2.25|-3.75|3.0|3.0
-4.5|2.0|-4.5|-4.5
1.0|-4.5|-3.75|1.0|-4.5|-4.5
-4.5|2.0|-4.5|-3.75|-2.25
4.0|1.0|-3.0|-1.5
3.0|2.0|3.0|3.0|3.0
-4.5|-4.5|2.0|1.1|3.5|-4.5|-4.5|2.0|-4.5|-6.0|1.1|3.0|2.5
2.0|3.0|-4.5|-5.25|1.0|1.0|3.0|-3.0|-4.5|-4.5
2.0|-3.75|3.0|3.0|1.0|3.0|3.0|4.0|-3.75|1.0|1.0|-1.5|-4.125|1.0|1.5|3.0|-2.25|1.5|-4.5|2.0|-3.0|2.0|-3.75|-3.75|-3.75|1.5|-6.0
-5.25|2.0|-4.5|3.0|4.0
3.0|3.0|-4.5
3.0|-3.75|2.0|3.0|2.0|2.0|3.0|-4.5|3.0|-4.5|-4.5|-4.5|-4.5|-2.25|-2.25|-4.5|3.0|1.0|1.5|-4.5|3.0|-2.25|2.0|-4.5|1.0|-2.25|-4.5|3.0|-3.0|2.0|3.0|-4.5|-6.0|4.0|1.0|2.0|3.0
4.0|-2.25|2.0|3.0|1.5|-2.25|2.5|-2.25|-3.0|-3.0|-3.75|3.0|-2.25|2.0|-3.75|3.0|3.0|-3.75|2.0|1.0|-4.5|-3.0|1.5|1.5|-2.25|-4.5|2.0|1.5|3.0|2.0
-5.25|-3.0|-4.5|1.0|3.0|-3.75|0|3.5|-3.75|2.5|-6.0|-5.25|-5.25|-3.75|-6.0|3.0|1.5|1.0|3.0|3.0|-4.5|2.5|1.5|2.0|2.0|-4.5|1.5|1.5
1.0|2.0
-3.75|3.0|-4.5|-4.5|-2.25|3.0
1.5|3.0|1.0|3.0|3.0
4.0|3.0|3.0|-3.0|3.0|1.0
-3.0|-3.75
3.0|-3.75|-3.75|1.5|1.5|1.5|1.0|-2.25|3.0|-3.75|3.0|2.0|1.5|2.0
2.0|3.5|-3.75|-4.5|-4.5|-3.0|1.0|3.0
3.0|-5.25|1.5|3.0|3.0
2.0|-6.0|-2.25|-6.0|4.0
-3.75|-3.0|-4.5|2.0|-2.25|1.0|3.0|2.5|-1.5|-4.5|2.0|2.0|2.0|0|2.5|1.0|3.0|-1.125|3.0|1.5|3.0|-2.25|-2.25|3.0
2.0|3.0|1.5|2.0|2.0|-5.25|-4.5|-2.25
3.0|3.0|3.0
-6.0|1.5|-3.0|-6.0|-4.5|-2.25
1.5|2.5|-4.5|-5.25|3.5|2.0|0|-4.5|-2.25|3.5|-4.5|-4.5|2.0|2.0|2.0|-2.25|1.5|1.5|-2.25|-2.25|-2.25|2.5
3.0|3.0|4.0|3.0|-4.5
-3.0|1.5|-2.25|4.0
-6.0|-3.0|2.0|-3.75|-3.75|-4.5|3.0|-3.75|-6.0|2.0|2.0|-4.5
3.0|3.0
-3.75|3.0|-4.5|2.0|-4.5|-4.5|2.0|-3.0|3.0|-4.5|1.0|1.5|3.0|3.0|-3.75|3.0|2.5|1.0|-3.75|-3.75|-3.75|-3.0|1.5|1.0|-3.75|-3.75|1.5|-4.5|2.0|-3.75
-2.25|-4.5|1.5
2.5|-4.5|-5.25|-4.5
-6.0|-4.5|3.5|2.0|-6.0|2.0|-3.0
3.0|-2.25|2.0|2.0|2.0
-3.0|3.0|3.0
-2.25|-2.25|-3.75
2.0|1.0|2.0|-4.5|-3.0|3.0|1.0|2.0
-3.75|3.0|-1.5|-4.5|1.5|-4.5|-6.0|-6.0|3.0|3.0|1.5|-3.75|1.5
3.5|2.0|-4.5|2.0|-2.25|-2.25|1.0|-4.5|2.0|-4.5|-2.25|2.0|3.0|1.0|1.0|3.0|1.0
2.0|-2.25|-3.75|2.0|3.0|-4.5
1.0|-6.0|-6.0|-4.5|-4.5|-3.0
-4.5|-4.5|3.0|-2.25|-3.75|3.5|-3.75|1.5|3.0|3.0|3.0|3.0
-4.5
-4.5|3.0|-3.75|-3.0|-3.75|3.0
4.0|-4.5|-2.25|-3.0|2.0
1.0|1.5|-3.75
2.0|2.0|1.0|0|-4.5|2.0|2.0|2.5|2.0
-4.5|-3.0|-2.25|-1.5|3.0|1.5|-2.25|-4.5|-4.5|3.0|-3.0|-2.25|2.0|3.0|-3.0|-3.75
1.0|3.0|3.0|-4.5|0|-4.5|-2.25|-2.25|-6.0|2.5|2.0|-4.5|3.0|-4.5|1.0|3.0|2.5|3.0|1.0|-3.0
-3.75|-3.0|-6.0
-4.5|-3.75|3.0|-3.75|-2.25
3.0|1.5|2.0|1.5|4.5|-5.25|2.0|1.0|1.0
-4.5|3.0|1.0
-4.5|3.0|-3.0|1.0|-4.5|1.5|2.5|3.0|-5.25|4.5|4.5|-4.5
-4.5|-4.5|-2.25|-5.25|-4.5|-6.0
-6.0|2.0|2.0|0|3.0|3.0|1.5|2.0|2.5|-3.75|-1.5|3.5
3.0|3.0|-4.5|-3.75|-4.5|2.0|1.5|2.0
-4.5|-3.75|-4.5|-4.5|2.0
3.0|-4.5|3.0|-4.5|-6.0|-6.0|2.0|2.0|1.0|3.0|-3.0|-3.0|-4.5|3.0|-4.875|3.0|-5.25
-4.5|-5.25|1.0|1.5
-5.25|-2.25|-4.5|-4.5|3.0|3.0|-5.25|-4.5
3.0|-3.0|-3.75|1.0|3.0
1.5|3.5|3.0|2.0|1.5|2.0|-3.0|-3.75|-5.25|3.0|3.0|-4.5|-6.0
2.5|1.0|4.0|-4.5
-2.25
3.0|-4.5|-5.25|3.0
3.0|3.0|-4.5|3.0|3.5|2.25|-3.0|1.5|-3.75|3.5|2.0|-4.5
-3.75|2.5|2.0
-2.25|-4.5
3.0|-2.25|2.5|-3.75|-3.75|1.0|-4.5|2.0|3.0|-2.25
3.0|-2.25|-2.25|1.0|2.5|-3.75|2.0|2.0|1.5|3.0|-5.25|-3.75|-4.5|-2.25|3.0|-4.5|3.0|2.0|2.0|3.0|-3.0|-4.5
-3.75|-4.5|-3.75|-4.5|1.5|-3.0|-3.75|1.5|1.5|-4.5|-6.0|-4.5|3.0|-5.25|3.0|-1.5|3.0|-2.25|3.5|3.0|1.0|-6.0|-5.25|-5.25
-5.25|-2.25|1.0|1.0|-4.5|4.0|1.0
4.0|-3.75|-3.75|2.0|1.5|-4.5|3.0|3.5|-4.5|2.0
3.0|-2.25|3.0|3.0|-4.5|-1.5
-3.0|-6.0|1.0|2.0|-4.5|-4.5|-6.0
-4.5|2.5|3.0|3.0|2.0|3.0|-4.5|3.0
1.0|-2.25|-5.25
-4.5|1.0|1.0|-5.25|2.0
-5.25|-4.5|-4.5|-3.0|-4.5|3.0|3.0|2.0|1.5
-4.5|3.0
1.0|-6.0|1.0|3.0
-4.5|0|3.0|-3.0|-4.5
-2.25|-5.25|-4.5
1.0|3.0|1.0|1.0|-3.0|1.0|-6.0|1.0|-3.0|2.5
-3.75|2.0|3.0|-4.5|-5.25|-2.25|3.0|-4.5|1.5|2.0|-3.0|1.5|-6.0|1.0
-4.5|-4.5|1.5
1.0|-4.5|-3.75|2.0|3.0
1.0|3.0|1.0|2.0|2.5|1.0|1.0|-4.5|-4.5|1.0|-4.5|2.0|1.5|3.0|1.5
3.0|-4.5|-4.875|-2.25|3.0|-3.0|-3.0|2.5|-3.0
-4.5|-4.5|2.0|1.0
-2.25|-4.5
2.0|2.0|-3.0|-3.75|1.5|3.0|3.0|4.0|1.5|-6.0|2.5
2.0|3.0|-4.5|-3.75|3.5
-5.25|-4.5|-3.75|-3.75|-4.5
2.0|1.0
2.0|1.0|-2.25|-3.0|-3.75|2.0|1.5|-2.25|1.0|2.0|1.5|3.0|3.0
-2.25|3.0|2.0|3.0|-4.5
3.0|-2.25|1.0
-5.25|-5.25|-5.25|-3.0|-3.0|-4.5|1.0|-3.75|-4.5|1.0|-3.0|4.0|-3.0|-3.75|2.5
2.0|1.5|2.5|3.0
3.0|-4.5|-4.5|0|5.0
-4.5|2.0|2.5|3.0
3.0|-3.75|-4.5|-3.0|-4.5|-4.5|-4.5|-4.5|-4.5|-4.5|-4.5
-3.0|-4.5|-4.5
2.0|-3.75|3.0|3.0|3.5|2.0
-4.5|-3.0|-3.0|1.5|3.0|-4.5|-3.75|3.0|-4.5|3.0|3.0|-2.25|-3.75|3.0|1.0
3.0|-3.0|-4.5|2.0
1.5|-4.5|3.0
-3.0|3.0|-3.0|-4.5|-4.5|-4.5|-4.5|-4.5|3.0|-4.5|-2.25|3.0|-4.5|3.0|2.5|3.0
3.0|3.0|-4.5|-3.75|4.5
3.0|1.5|-4.5|-3.75|-3.75|2.5|2.0|3.0|-3.0|2.0|4.0|2.0
3.0|-3.75|3.0|-4.5|-4.5|-3.75|3.0|-4.5|-4.5|1.0
-3.0|-3.0|3.0|-3.0|3.0|-3.75
5.0|-4.5|2.0|-5.25|-6.0|3.5
3.5|-5.25|3.0|-3.75|3.0
3.0|3.5|-4.5|-4.5|2.0|1.5|1.0|1.5
3.0|-4.5|1.0
-4.5|2.0|1.5
-3.75|-4.5|-3.0|-3.0|-4.5|3.5
2.5|-2.25|-6.75|-4.5|-3.0|3.0|1.0|-3.75|1.5|4.0|-2.25|3.0|1.5
-3.0|1.0|2.0|3.0|-2.25|-2.625|-1.5|-3.75|2.5|3.0|2.0|2.0|2.5|-4.5
-4.5|-4.5|-3.75|3.0|-4.5
1.0|2.0
1.0|3.0|3.5|2.0|-5.25
-3.75|-4.5|-3.0|1.5|1.5
1.5|2.0|3.5|3.0
2.0|-4.5|-6.0|-4.5
1.0|-2.25|-4.125|2.5|-4.5|3.5
3.0|-4.5|-4.5|-2.25|1.0
-3.75|-6.0
-3.0|2.0
2.0|-4.5|-4.5|2.0|-2.25|1.5
3.0|-3.75|-4.5|2.0|-4.5
-4.5|4.5|1.5|-3.75|-3.75|3.0|2.0|-6.0
-5.25|-6.0|2.5|3.0
-4.5|-4.5|1.5|2.0
3.0|3.0|3.0|3.0|-3.0|1.5|3.0|-4.5|-4.5|-2.25|1.0|-3.0|-3.75|1.0|-5.25|2.0|2.0|1.0|-5.25|3.0|2.0|-4.5|-5.25|-4.5|-4.5|3.0|1.0|-4.5|3.0|3.0|1.5|3.5|-3.75|4.0|-3.0
-4.5|3.0|-4.5|-4.5|2.0|2.0|3.0|-4.5|3.0|-4.5|-4.5|2.0|2.0|3.0
-4.5|-4.5|3.0|-2.625|3.0
2.0|2.0|3.0|2.0
-3.0|-5.25|-3.75|1.0|-4.5|1.0
-3.75|-4.5|1.5|2.0|4.0|4.0|-3.0|3.0|-4.5|-3.75|-5.25|-1.5|-3.0|-5.25|1.5|1.0|3.0|1.5|1.5|2.5|2.0|1.0|-3.0
-4.5|-4.5|3.0|-4.5|1.0|1.5
-4.5|3.0|-4.5
-4.5
-4.5|-4.5|-4.5|-3.75|-4.5|1.5|3.0|-4.5|-4.5|3.0|-2.25|3.0|2.0|3.0
-4.5|-4.5|3.0|-4.5|-4.5|-4.5|-2.25
-4.5|-4.5|1.5|-4.5
3.0|1.5|2.0|2.0|1.0|-3.0|2.0|-3.75|-4.5|2.0|-3.0|2.5|-4.5|1.5|-4.5|-3.75
1.0|2.0|-4.5|-4.5|-2.25|2.0|-3.0|-4.5|2.0
-2.25|3.0|-3.75|3.0
-2.25|-4.5|-4.5
-4.5|-4.5|-6.0|2.5|3.0
3.5
-4.5|-4.5|1.5
1.5|2.0|1.0|3.0
3.0
-4.5
-4.5|-4.5|-4.5|1.0|3.0|-4.5|-3.75|-4.5
-4.5
3.5|2.0|-4.5|-4.5|3.5|-4.5|2.0
3.0|3.0|-6.0|0|3.0|-1.5|2.5|-3.75|-3.75|-3.0|-3.75|-4.5|-4.5|1.5|1.5|1.0|-4.5|-4.5|-3.75|-4.5|-4.5|2.0|-4.5|3.0|-3.0|1.5|-3.0|-3.75|3.0|1.5|1.5|3.0|4.0|2.0
1.0|3.0|-4.5|1.0|2.5|1.5|3.0|-2.25|-4.5|3.0
3.5|-3.75|-3.0|-4.5|-2.25|-3.75|1.5|3.0|1.5|-4.5|1.0|-2.25
-4.5|1.0|-4.5|3.0
1.5|-3.75|2.5|1.0|-5.25
-5.25|1.5|1.5|-3.75|2.0|3.0|-4.5|1.5|3.0|3.0|3.0|3.5
1.0|3.0|3.5|3.0|-4.5|-4.5|-4.5
1.5|-4.5|-1.5|2.0|-4.5|4.0
3.0|2.0|-4.5|-4.5|-4.5|1.5|-5.25
2.0|-4.5|1.0|-6.0|-2.25|1.5|-3.0|-4.125|-2.25|3.0|-3.0|-6.0|1.0|-3.75|-2.25|2.0|1.5|1.5|-2.25|2.5|3.5
3.0|3.0|1.5|1.0|3.0|-3.75|3.0|3.0|3.5|-3.75|3.0|-5.25
4.5|-6.75
-4.5
3.0|-3.0|2.0|-3.75|1.0|-4.5
-3.75|-4.5|1.0|-4.5|-3.0|-4.5|-4.5|-4.5|-4.5|-4.5|-4.5|-4.5|3.0|-4.5|1.0|-4.5|-4.5|-4.5|-3.0
-4.5|-4.5|-6.0|-2.25
1.5
-3.75|3.0|3.0|3.0|-6.0|3.0|3.0|-3.0|-3.75|2.0|3.0|-4.5|5.0|-3.75|1.0|2.5|-4.5|-2.25|1.5
3.0|-2.25|-4.5
3.0|-4.5|-3.75|-6.0|3.0|3.5|3.0|-4.5|4.0|1.0|-4.5|-5.25
3.0|2.0|-4.5|3.0|3.0|-3.75|2.5
1.5|1.0|3.0|3.0|1.0|-3.75|1.0|-4.5|3.0|1.5|3.0|2.0|3.0|-3.75|-6.0|1.5|1.5|2.0|-3.75
-4.5|-6.0|2.0|-4.5|-4.5
4.0|1.0
1.0|-3.0
-4.5|-4.5
-4.5|-4.5|3.0|2.0|-4.5
-4.5|2.0
1.5|1.0|2.0
-3.75|1.0|-2.25|-6.0|3.0|1.0|-3.75|1.0|-5.25|-1.5|-4.5
-4.5|3.0|3.0
-3.75|-3.75|2.0|2.0|-4.5
-2.25|-3.0|-3.75|-3.75|-4.5|-3.0|3.0|-4.5|-4.5|3.0|3.0
-4.5|-3.75|1.5|2.5|3.0|-4.5|-5.25
-4.5|-3.75
-3.75|-5.25|-2.25|3.0|-3.75|2.0|-2.25|2.0
3.0|2.0|-4.5
-4.5|-3.75|-4.5|-4.5|2.0
1.0|-5.25|-2.25|1.0|1.5|-4.5|3.0
-3.75|-2.25|1.0|1.5|-3.0|-3.0|-3.0|3.0
-4.5|2.0
-1.5
-3.75|1.0|-3.0|3.5|1.0|3.0|2.5|1.0|-4.5|-5.25
2.0|2.0|2.0|-3.0|2.5|1.5|-4.5
2.5|-3.75|2.5|-3.75|-4.5|-2.25
-3.0|-3.0|4.0|-3.0|2.5
3.0|-3.75|1.0|4.0|3.5|3.0|3.0
-3.75|-3.0|-2.25|-3.0
2.0|-3.75|3.0|3.0|-6.0|-4.5|1.0|1.0|3.0|1.0|-5.25|0|1.5
2.0|-6.0|-4.5|-4.5|3.0|1.5|-3.75|0|3.0|-3.0|2.5|-4.5|1.0|-4.5|1.5|-4.5|3.0|3.0|2.0
-5.25|-2.25|3.0|1.5|3.0|3.0|3.0|-6.0
-3.75|-4.5|-3.75|-4.5|-2.25|-5.25|2.0|1.5|2.0|3.0|3.5
-4.5|3.0|-3.0
3.0|-4.5|2.0|2.0|-3.0|-6.0
3.0|3.0|3.0
3.0|2.0|-4.5|3.0|-6.0|-6.0
-4.5|3.0|-6.0|2.0
3.0|3.5|-4.5|-4.5|1.0
-4.5|-4.5|-4.5|1.0|-4.5|-6.0|-3.75|-5.25|-4.5|-3.75|-5.25|1.5|1.0|-4.5|1.0|-4.5|-1.5
-4.5|-3.75|3.0
2.0|4.5|-4.5|2.0|-3.75|1.5|1.5|-4.5|2.0|-4.5|1.0|3.0|3.0|-3.75|-2.25|3.0
-3.75|-4.5|2.5
-2.25|1.0|2.0|2.0|1.0
-6.0|-6.0
2.0|-6.0|1.0|-4.5|3.0|2.0|2.0
1.5|-5.25|1.5
3.0
3.0|-1.5|-2.25|-3.0|1.5|2.0|3.0|3.5|1.5|-2.25
-4.5|3.0|3.0|2.0
-4.5|-3.75|-2.25|-5.25
3.0|-3.75|2.0
3.0|-4.5|-4.5|1.0|-4.5|-4.5|-3.75|-3.75|-4.5|-4.5|3.0
-4.5|3.0|-5.25|1.5|-3.0|-5.25|-4.5|1.5|3.0|-5.25|5.0|3.0
-5.25
-4.5|2.0|2.0|2.0|1.0|1.5
3.0|-4.5|1.5|3.0|-4.5|1.0|-5.25|2.0
-4.5|-4.5|-3.75|-3.0|-2.25|-4.5|-4.5|-4.5|1.0|2.0|1.5|1.0
-3.75|3.0|3.0|-4.5|-4.5
2.0|3.0|3.0|1.0|2.0|1.0|3.0|-4.5|-3.0|1.0|2.0|2.0|3.0|1.0|3.5|2.5|2.0|-3.75|2.0|2.0
-3.75|-4.5|2.0|2.0|-1.5
3.0|2.0|2.0|3.0|-4.5|2.0|1.0|-4.5|-4.5|1.0|-4.5|1.0|-4.5|0|2.5|-2.25|-4.5|1.0|3.0|2.0|3.0|-4.5|-4.5|2.0|-4.5|-5.25|-5.25|-5.25|1.5|-4.5|-5.25|1.0|3.0|-4.5|3.0|-4.5|-4.5|2.0|-4.5|3.0|-6.0|-4.5
3.0|-4.5|1.0|1.0|-3.75|-6.0|3.0|-3.75|3.0|2.0|-6.0|-4.5|2.0|1.0|3.0|-3.0|1.5|3.0|1.5|2.5|-4.5|3.0
-2.25|-4.5|2.0|3.0|-3.0|-4.5|2.0|1.0|2.0|3.0|-4.5|1.0|2.0|3.0|2.0|-3.0|-4.5|3.0|-4.5
3.0|2.5|-3.75|-3.75|-4.5|-4.5
-4.5|2.0|2.0|4.5|2.0|2.0|-2.25|-2.25|-2.25|1.0|3.0|-4.5|3.0|2.0
3.0|-4.5|-4.5|-4.5|2.0|1.0|-4.5|3.0|1.0|3.0
-4.5|3.0
-4.5|-3.75|-4.5|-3.75|-2.25|2.5|3.0|1.5|1.0|1.0
1.0|1.0|2.0|-3.0|3.0|3.0
2.0|1.5
3.0|1.5|1.0|-4.5|2.0|-3.0|2.5|3.0
-4.5|-3.75|-2.25|-2.25|1.0
-4.5|-4.5|-4.5|-4.5|0|2.5
-4.5|3.0|-4.5|-4.5|1.0|-4.5|1.0|-4.5|3.0|2.0|-2.25|1.0|-4.5|1.5|-1.5|-1.5|1.5|-1.5|-1.5|3.0|3.0|3.0|2.0|-4.5|-5.25|-6.0
2.0|1.0|-3.75|0|-2.25|1.0|3.0
2.0|2.0|-4.5|2.0|1.5
-3.0|-4.5|-2.25

-4.5|1.0|-4.5|1.0|-3.75
-4.5|3.0|2.0|-2.25|-3.0|2.0|-4.5|-6.0|1.0|3.0
-2.25|-4.5|-6.0|1.0|1.5
3.0|1.5|-4.5|2.0|3.5
3.0|-3.0
3.0|3.0|-2.25|-5.25|3.0|-2.25|4.0|1.0|2.0|3.0|2.0|0|3.0|-4.5|3.0|3.0|2.0|3.0|-4.5|3.0|-5.25
-4.5|2.0|-4.5|-3.0
-4.5|-6.0|-4.5|-2.25|2.0|-3.0|1.0|-4.5
-3.75|-4.5|1.0|-6.0|-3.0|1.5|2.0|-3.75|-3.0|3.0
3.0|3.0|4.0
-3.0|-4.5
2.0|-2.25|3.0|-4.5
2.0|-2.25|3.0|3.0|-1.5|1.5
3.0|3.0|4.0|-3.0|2.5|2.0|-3.75|-6.75|2.0|3.0|3.0|1.0|-3.0
3.0|-4.5|-3.75|3.0|2.0
-5.25|-3.0|-4.5|-1.5|-4.5
-2.25|-2.25|-4.5|2.0|2.0
-2.25|-3.75|-3.75
3.0
-4.5|2.5|-4.5|-3.75|-3.0|-6.0|-4.5|3.0|-4.5|-6.0|1.0|3.0
-2.25|1.5|-3.0|-4.5|-4.5|-3.75|-3.75|-3.75|2.0
3.0|-5.25|-3.0
-4.5|2.0|1.0|-3.75|-4.5|-6.0|-5.25
2.0|-5.25
-4.5|-3.0|1.5|3.0|2.5|-5.25|1.5|3.0|-3.75|3.0|3.0|3.0|3.0|1.5|3.0|-4.5|-3.75|1.0|2.0
1.0|-1.5|-4.5|1.0|0|-4.5|1.0
1.5|3.0|3.0|2.5|-4.5|-4.5|-5.25|-3.75|-3.0|5.0|3.0|1.5|1.5|1.5|1.5|3.0
3.0|-3.75
1.0
-3.75|-3.75|-4.5|-3.75|-3.75|2.5|1.5|3.5|3.0|-4.5
3.0|-3.75|-3.75|-3.75|1.5
-4.5|3.0|2.0|-3.0
4.0|5.0|-3.75|-2.25|3.0|1.5|2.0
1.5|2.0|-5.25|1.0|-2.25|1.0|1.5
2.0|2.0|-3.75|-4.5|-4.5|-3.75|0|3.0|-5.25
3.0|2.5
2.5|-5.25|-2.25|1.0|-6.0|-3.75|-3.0|3.0|-5.25|-2.25|-4.5
-4.5|-3.0|2.0|-4.5|2.0|-4.5|-3.75|-3.0|-3.0|-2.25|1.0|1.0|2.0|1.5|3.0|-4.5|1.0
1.5|3.0|3.0|-4.5|1.0|3.0|4.0
1.5|-3.75|-3.0|-4.5|-1.5|-3.0|3.0|-1.5|-3.0|3.0|-4.5|4.0|3.0|2.0
2.0|-4.5|2.5|-4.65|-5.25|1.0|-4.5|-5.25
3.0|-5.25|-3.75|-5.25|2.0|2.0|-6.0|-2.25|-2.25|2.0|-4.5|-4.5|-3.75|-3.0|3.0|2.5|-6.0|-2.25|-6.0|3.0|3.0|3.0|3.0|-4.5|-5.25|-5.25|1.0|3.0|3.0|-5.25|3.0|-4.5|2.0|3.0|2.0|-3.0|2.5|3.0|2.0|3.0|0|0|-3.75|3.0|3.0|2.0|3.0|3.0|-4.5|2.5|3.0|3.0|3.0|3.0|-4.5|-6.0|-3.75|0|-1.5|-1.5|-6.0|2.5|-3.75|3.0|-2.25|-4.5|-3.0|-6.0|-4.5|-3.0|-6.0|-1.5
-4.5|-2.25|3.0|-3.75|-4.5
-4.5|-3.75|-6.0|-4.125|-2.25|2.0|-2.25|1.5|0.8|1.5|1.5|-4.5|3.0|3.0|-6.0|1.5|1.0|2.0|3.0|3.0
-4.5|2.0|-4.5
2.0|-3.0|-4.5|2.0|1.0|-3.75
-5.25|-3.0|-3.0|-3.75|-4.5|-6.0|-4.5|3.0
-4.5|-6.0|3.0|-4.5|3.0|1.0|-4.5|3.0|-4.5|-3.75|2.0|-3.0|-4.5
-4.5|-2.25|3.0|1.0|1.0|1.0
3.0|3.0|3.0|-4.5|-6.0|2.0|-4.5|-4.5|-3.0
3.5|2.0|2.0|1.0|3.0|-2.25|-4.5|1.5|1.0|2.0|3.0|-6.0|3.0|3.0|-6.0|3.5|-4.5|-4.5|3.0|2.0|3.0|-6.0|1.0|-3.0|3.0|2.0|-3.0|3.0|-2.25|2.0|2.5|3.0|2.0|3.0|-3.0|-6.0|-4.5|1.0|-3.0|3.0|2.0|1.0|1.5|-4.5|1.0|4.0|4.0|0|3.0|2.0|-4.5|2.0|3.0|1.5|1.0|2.0|-3.75|2.0|2.5|-4.5|-4.5
1.0|-2.25|1.0|-3.0|-3.75|3.0|-4.5|-4.5
-4.5|-4.5|-4.5
-4.5|3.0|-3.75|-6.0|3.0|-5.25|-3.75|-3.75|-4.5|-6.0|-4.5|-4.5|-4.5|-4.5|-4.5
-4.5|-1.5|3.0|3.0|-4.5|-3.0|2.0|3.0|-4.5|1.5|1.0
2.0|-4.5
3.0|2.0|-2.25
3.0|1.0|2.0|-3.75|3.0|3.0|-3.0|3.0
1.0|-4.5|-4.5|-3.0|2.0
3.0|-4.5|1.5|-5.25|1.5|1.5|1.0|3.0|2.0
-2.25|2.0|-1.5|2.0

3.0|-6.0|-4.5|-3.75|3.0|-4.5|2.0|1.5
3.5|3.5|3.0|-5.25|-5.25|-4.5|3.0
3.0|2.0|3.0|4.0|3.5|2.0|1.0|2.5|3.5
-4.5|-3.0|-3.75|2.0|-4.5|3.0|1.5|-5.25
-3.0|3.0|-3.75
3.0|-4.5|3.0|3.0|2.5|-3.75|1.5|3.0|-4.5|-3.0|-5.25
2.0|-5.25|1.0|-4.5|3.0
3.5|-2.25|-4.5|-4.5|1.5|3.0|3.0|2.0|-4.5|-6.0|1.0|1.0|3.0|3.0|1.5
3.0|1.0|1.0|3.0|3.0|3.0|-4.5|3.0|3.0|1.5|-3.75|3.0|1.0|4.0|3.0|-2.25|-3.0|-3.0|-5.25|3.0|2.5|3.0|-6.0|3.0|0
3.5|-2.25|-4.5|0|-5.25|-6.0|3.0|-3.75|-6.0|2.0
3.0|-5.25
2.0|-6.0|-2.25|3.0|-6.0|1.0|-4.5|-3.75|1.0|-4.5|-4.5|2.0|2.0|-4.5|-4.5|-6.0|-3.0|3.0|3.0|-4.5|2.0|3.5|3.5|3.0|-6.0|-3.75|3.0|2.5|2.0|2.0
-4.5
1.0|3.0|2.0|3.0|3.5
3.0|1.5|3.0|-4.5|-3.0|-1.5|-1.5|-6.0|3.0
1.5
-4.5|2.0|1.0|-4.5|-3.75|-4.5

-3.0|3.5
2.0
-4.5|-2.25
3.0|-6.0|-4.5|3.5|1.5|1.5|1.0|2.0|-3.75|-1.5|1.0|2.0|3.0|-3.75|-4.5|-1.5|3.0
-4.5|-4.5|-4.5|-4.5|-4.5|-4.5|-4.5|-4.5|-6.75
-4.5|-4.125|0.8|-4.5|2.0|-4.5
2.0|3.0|-3.75|-4.5|-4.5|-4.5
-4.5|1.5|4.0|2.0
3.0|-5.25|2.0|3.0|3.0|3.0|3.0|-3.75|2.0|3.0|2.0
3.0|-4.5|1.5|-6.0|1.5|-4.5|-4.5|3.0|-4.5
-4.5|-5.25|3.0|4.0|-2.25|1.0
-5.25|2.5|-3.75|-4.5|3.0|-2.25|3.0|1.5|-5.25|-4.5|2.0|1.5|-3.0|-6.0|-2.25|1.5|-4.5|3.0|1.0|-3.75|1.5|2.0|4.0|4.0|3.0|-4.5|-4.5|2.0
-3.75|-5.25|3.0|1.5|2.0|3.0|1.5|2.0|-6.0|-3.0|2.0|3.0|2.0
-3.75|3.0|3.0|-6.0|-4.5|3.0|3.0|1.5|1.0|3.0|1.0
-2.25|-4.5|3.0
2.0|-4.5|-3.0|3.0|2.5|2.0
-4.5|-2.25|-4.5|-3.75|1.5
3.0|-4.5|1.0|-4.5|-5.25|-5.25|2.5
-3.75|4.0|3.0
-4.5|-4.5|3.0
1.0|-4.5|-4.5|3.0
3.0|2.0|-3.75|3.0|-4.5|-4.5
-4.5
-4.5|3.0|2.0|1.0
3.0|-5.25|3.0|2.0|3.0|3.0|3.0|-4.5|1.0|1.0|-3.75|3.0|-4.5|-4.5|3.0|3.0|1.0|1.5
-4.5|1.0|2.0|2.0
-4.5|-4.5|3.0
-3.0|3.0|-1.5|2.0|1.5
2.0|-4.5|-4.5|3.0
3.0
-3.75|2.0|3.0
1.5|-3.75|-3.0|-5.25|-6.0|3.0|-2.25|-3.75
-4.5|-4.5|-3.75|-6.0
3.0|-2.25|-3.75|-4.5|3.0|-4.5|3.0|3.0|4.0|3.0
-5.25|-3.75|-3.75|1.0|3.0|1.0|2.0|2.0
-3.75|-4.5|3.0|3.0
3.0|3.0|2.0|-5.25|-3.75|-4.5|-5.25|2.0|-4.5|-3.75|3.0|2.0
3.0|-4.5
-5.25|1.5|-3.75|-4.5|2.5|-3.75|-3.75
-3.75|3.0|-3.75|-4.5|4.5|-4.5
-4.5|2.5|-3.75|2.0|1.0
2.0|2.0|-4.5|-3.0
-5.25|-3.75|-4.5|2.0|-3.75|1.5|-1.5
3.0|3.0|-4.5
-3.75|-4.125|-3.75|3.0|-5.25
3.0|1.0|1.5
3.0|3.0
1.0|3.0|-3.75
1.5|3.0|-2.25|-2.25|3.0|-1.5|-5.25|3.0|2.0|2.0
-4.5|0|-3.0|2.0|1.5|2.0|-4.5|3.0|2.0
-2.25|-4.5|0|-4.5|-4.5|-4.5
-4.5|2.0|1.0|-4.5|-6.0|-3.0|3.0|1.5|2.0|1.5|-4.5|-4.5|2.5|-4.5|-3.75|1.5|2.0|1.5|3.0|-4.5|3.0|2.5
2.0|3.0|-2.25|-3.75|-3.0|-3.0|-4.5|3.0|3.0|1.5|-3.0|1.0|1.5|-5.25|1.0|2.0|4.0|3.5|2.0|-3.0|-2.25
3.0|-4.5|3.0|-4.5|3.0
-4.5|3.0|-2.25|-4.5
1.0|3.0|-4.5|-2.25|3.5|3.0|2.0|3.5
-6.0|1.5
2.0|-3.75|1.0
-4.5|-4.5|-4.5|1.0|3.0|3.5
1.5|-3.0|2.5|-4.5|-4.5|-4.5
2.0|1.5|3.0|-5.25
-2.25|1.0|4.5|3.0|3.0|2.0|3.0|2.0|3.0|2.5|3.0|1.0|3.0|4.0|3.0|2.0|-3.75
1.0|1.0
-4.5|-2.25
2.0|-4.125|-3.0|-3.0|2.0|-3.0
3.0|3.0|-4.5
3.0|3.0|-6.0|-4.5|-6.0
-4.5|3.0
1.5|2.0|3.0|3.0|-5.25|-3.75|-2.25|-5.25|-3.75|-6.0|-3.75|3.0|0.8|1.5|-4.5|1.5|0.8|-4.5|-4.5|-5.25|-4.5|-4.5|-2.25|-3.0|-6.0|3.5|-4.5|-3.75|-4.5|-5.25|-6.0|-3.0|1.5|2.0|2.0|-1.5|-5.25|1.0|2.5|2.0|-3.0|3.0|2.0|1.5|3.0|-3.75|-3.0|3.0
3.0|2.0|3.0|-4.5|-4.5
-4.5|2.0|-6.0|-2.25|3.0|3.0|2.5|-5.25|-5.25|-4.5|-2.25|-5.25|-3.0|-3.0|-4.5|3.0
-4.5|-2.25|1.5|-2.25|-4.5|1.0|2.0|2.0|-6.0|-3.75
-5.25|1.0|-2.25
-4.5|1.0
4.0|3.5|-2.25|4.0|3.0|-4.5|1.5|2.0|-6.0|2.0|1.5|-4.5|2.0|-4.5|-3.0|-3.75|-4.5|3.0|3.0|-4.5
3.0|3.0
1.0|4.0|-2.25|1.5|-3.75|-2.25|-2.25|1.5|2.5|1.0|1.0|3.0|2.0
-3.0|2.0|0|3.0|-3.75|3.0|3.0
2.0|2.0|2.0
2.0|1.5|-1.5|-3.0|-3.0|2.0|-3.75|-3.75|2.0|1.5|3.0
-4.5
2.0
3.0|3.0|-4.5
-2.25|1.0|3.0|1.0|1.0|3.0|-3.75|3.0|2.0|-3.75
-4.5|-3.75|1.0|-2.25|-1.5|2.5|-4.5
1.5|3.5|2.0|-3.75|2.0|-4.5|-2.25

3.0|-4.5|3.0|-5.25|-5.25|-3.0|-3.75|1.5|1.0|0|-6.0|3.0|1.0|-4.5|-4.5|-3.75|-5.25|-4.5|-4.5|-6.0
-4.5|1.0|-4.5|-4.5|-4.5
3.0|-5.25|2.0|-4.5|-4.5|-4.5
3.0|2.0|-4.5|-4.5|-4.5
-2.25|-3.75
3.0|-4.5|3.0|-4.5|-3.75|1.0|2.0|-2.25|-2.25|-3.0|-4.5|2.0|2.5|3.0|4.0|3.0|3.5|2.0
-3.75|-4.5|3.0|-5.25|-3.75|-6.0|-4.5|-4.5|-4.5
-4.5|-3.0|3.5|-4.5
-4.5|4.0|1.5|-4.5|-6.0
-3.0|-4.5|1.0|3.0|-2.25|-1.5|0|3.0|-4.5|-3.0|3.0
-4.5
3.0|-4.5|-3.75|1.5|1.5|-3.75|1.0|-4.5|3.0
1.0|-4.5|3.0|3.0
-5.25|2.5|4.0|-1.5|2.0
3.0|3.0|-1.5|3.0|-5.25|4.0|3.0|3.0|-4.5|1.5|3.0|-6.0|-4.5|1.5|3.0|1.5
-4.5|-3.0|-3.75|-3.0
3.0|-4.5|-3.0|-4.5|-3.75|-4.5|-4.5|3.0
3.0|1.5|-3.75|3.0|-3.75|1.0|3.0|2.0
0|-2.25|-4.5
-5.25|-4.5|1.5|3.0|2.0|-4.5|3.5|3.0
1.0|-5.25|1.0|-4.5|-3.0|-4.5
-3.0|3.5|1.5|1.0|2.0|-3.75|-3.75|-5.25|1.0
2.0|-4.5|-4.5|3.0|-4.5|3.0|-3.0|3.0|-4.5
1.0
-4.5|-6.0|3.5
3.0|5.0|-3.0
-3.75|-4.5|2.0|1.5|-3.0|2.0|3.0|-3.75
-4.5|-3.75|-4.5|1.5
3.0|1.0|1.0|-3.75|-3.0|-2.25|3.0
-3.0|-4.5|3.0|2.5|-3.0|-4.5|-3.0|-4.5|2.0|2.5|3.0|2.0|-3.75
-4.5|-4.5
-4.5|-4.5|3.0|-4.5
-4.5|2.5|1.0|1.0
1.5|4.0|1.0|-1.5|1.0|4.0|1.5|-3.75|0|-5.25|2.0|3.5|-5.25|-5.25|-4.5|-3.0|-3.0|-3.75|4.5|1.0
-4.5|1.0|-3.0|-3.75|-4.875|3.0|2.0|1.5|3.0|1.0|3.0|1.0|3.0|1.0|2.0|1.5|3.0|1.0|1.0|3.0|3.5|-2.25|3.0|-5.25|1.5|3.0|2.0
1.0|-2.25|-4.5
-4.5|-2.25|1.0|-4.5|2.0|-3.0|-3.0|-2.25|-3.0|2.5|-4.5|2.0|1.0
-2.25|2.0|-3.75|4.0|1.5
3.5|3.0|-2.25|-2.25|-6.0
-4.5|-4.5|3.0
1.5|-3.0|-3.75|-4.5|2.0|-4.5
-5.25|-4.5|1.0|-5.625|3.0|-3.75|-3.75|-4.5|-2.25|-6.0
2.5|0|3.0|3.0|2.5|2.0|3.0|-3.75|0
3.0|3.0|-2.25|1.5
3.0|2.0|2.0|3.0|-2.25|1.0|-1.125|3.0|-3.0|-1.5|-6.0|2.0|3.0|-4.5|-3.75|3.0
-4.5|-5.25
4.0|2.0|-5.25|-1.125
-4.5|-3.0|2.5|-5.25|1.5|2.0
-2.25|-4.5|-5.25|1.0|1.5
-3.75|1.0|-6.0|1.5
3.0|2.5|0.8|1.5
-3.75|-3.75|2.0|2.0
-3.75|-6.0|-3.75|2.0|2.0|-4.5|-5.25|3.0
2.0
3.0|1.5|-4.5|-4.5|3.0
-4.5|1.5|-3.0|-4.5|3.0|3.0|1.0|2.0|2.0
-6.0|3.0
-4.5|-4.5|-3.0|-6.0|1.0
-4.5|-3.0
2.0|-3.0
-4.5|-1.5|2.0|2.0|4.0|-6.0|-3.75|-4.5
-4.5|-3.75|-4.5|-4.5|-4.5
-6.0|-4.5|2.0|-4.5|-3.75
-4.5|3.5|1.0|2.0|-3.75|1.5|-6.0|-3.75|3.0|-6.0|-3.0|-3.75|3.0|-2.25|-4.5|-4.5|1.5|-3.0|4.0|3.0
2.5|-5.25|-2.25|-4.5|-4.5|-2.25|-6.0|2.0|-4.5|2.0|3.0|2.0|-3.75|-4.5|2.0
2.0|-2.25|-4.5|-4.5|-3.75|-4.5|-4.5|3.0|-4.5|-4.5|-6.0|-3.75|2.5|3.0|1.0|3.0|2.5|3.0|2.5
1.0|-3.75|1.5|2.0|-5.25|-3.75|3.0|1.0|-2.25|2.0|2.0|-4.5|-3.0|-3.0|1.5|-4.5|-3.0|2.5|-2.25
-3.0|-2.25|2.5|-3.75|-3.75|3.0
-4.5|-2.25|3.0
3.0|3.0|-4.5|2.5|1.5
1.0|-4.5
-4.5|1.0|2.0|-4.5|-6.0|-4.5|3.0|2.0
-3.0|3.0|-3.0
-6.0|-2.25|3.0
1.0|2.0|-3.75|-4.5|-3.75|3.0|-3.75|-2.25|3.0|3.0|-5.25
3.0|-4.5|-4.5|2.0|-4.5
-3.0|2.0|-3.75|1.5
-6.0|-4.5|-3.75|-4.5|3.0|-4.5|2.0|3.0|-4.5|2.0|3.0|1.5|3.0|-5.25
3.0|2.0|-3.75|-3.75|-4.5|1.5|3.0|1.5|-2.25
3.0|-5.25|1.0|-4.5|-4.5|-3.0|3.0|-4.5
-4.5|2.0|2.0|3.5|-3.75|-4.5|-4.5
-4.5|-4.5|-4.5|-3.0|-5.25|-3.0|-4.5|-6.0|-5.25
3.0|1.0|-3.0|4.0
2.0|-2.25|-3.75
-4.5|-3.75|-2.25|-3.75|-2.25|-1.5|2.0
1.0|3.5|1.5|0|-4.5|1.5
-3.0|-4.5|-6.0
-4.5|-3.75|-3.0|-6.0|3.5|3.0
0|2.5|-4.5|2.5|-4.5|-5.25|-4.5|2.0|1.0|-3.75|2.5|1.0
-2.25|-3.0|3.0|-6.0
3.0|-6.0|-3.75
2.5|-3.0|3.0|2.0|-2.25|2.0|2.0|3.0|2.0|3.0|3.0
-3.75|1.0|-4.5|3.0|3.0
-6.0|-4.5|3.0|2.0|3.0
-4.5|-3.75|3.0|-4.5|2.0
-4.5|3.0|1.5
-4.5|-2.25|-3.75|3.0
3.0|0|-5.25|0|-6.0|2.0|-3.75|-4.5|3.0|-5.25|1.0|-3.0|-4.5|-3.0|-4.5|-4.5|-6.0|1.0|3.0
3.0|3.0|-2.25|-3.0|-4.5|-4.5|3.0|3.0|-4.5|3.0|-4.5|-3.75|-4.5|3.0|-4.5
-4.5|-2.25|-3.0|0|1.5|3.5
1.5|-4.5|2.0|4.5|4.5
1.0|-4.5|-6.0|-3.75
2.0|-4.5|-4.5
-4.5|-3.75|1.1
-3.75|2.5|-6.0|3.0|2.0|3.0|1.0|1.5|-6.0|1.0|2.5|3.0|2.0|2.0|-4.5|3.0|2.0
1.0
-4.5|2.0|1.0
-4.5|2.0|3.0|2.0
-6.0|-3.0|3.0|3.0
-4.5|3.0
-4.5
3.0|-5.25|-5.25|3.0|-4.5|2.0
1.5|-2.25|1.5|2.0
-4.5|1.0|-4.5|-3.0|-4.5|1.0|-1.5|3.0|3.0|3.0|3.0|3.0|-2.25|2.0|-4.5|-3.0|2.0|2.0|2.5|-3.75|-3.75|2.0|3.5|-3.75|-5.25|-5.25|4.0|-2.25|3.0|-5.25|-3.75|-3.75|-6.0
-2.25|1.5|1.5|-2.25|3.0|3.0
1.0|1.0|3.0
-3.75|-3.75
3.5|2.0|-5.25|1.5|-3.75|3.0|4.0|1.5|1.0|3.0|-3.75|3.0
3.0|3.5|3.0|-5.25|-3.75
-3.75|1.5|2.0|2.0|-1.5|1.0|-4.5|-4.5|-4.5|-5.25|2.0
-3.75|-4.5|2.0|-3.0|1.5|2.0|-4.5|1.5|1.0|-4.5|-1.5|-4.5|2.5|-4.5|-4.5
-6.0|-4.5|-4.5
2.0|-4.5|1.0|-3.0|3.0|2.5|3.0|-4.5|3.0|3.0|-3.0|2.0
2.5|-4.125|-3.75|1.5|1.0|3.0|-3.75|3.0|3.0|2.0
3.0
3.0|3.0|3.0|-3.75|-3.75|2.0|2.0|-4.5|-4.5|2.0|1.0|-3.75|0.8|1.0
3.0|-5.25|-4.5|-3.75
-4.5|-3.0|-3.0|-4.5|-3.0|-3.75|-3.75|2.0|2.0
-4.5|-4.5|-3.75
2.0|-4.5|-3.75|2.0|2.0
-3.75|1.0|1.0|1.5
-3.0|-5.25|2.0|3.0|3.0|3.0
3.0|2.0|-3.75|3.0|3.0|-3.75|1.0|-4.5
2.0|-4.5|-3.0|3.0
-4.5|3.5|-2.25|-4.5|1.0|2.5|2.0|3.5|-4.5|2.0|4.5|-4.5|-2.25|1.0|2.5|3.0|-4.5|1.0|3.0|-4.5|-4.5|-4.5|-2.25|1.0|3.0|-4.5|1.0|2.5|4.0
-3.0|-3.75|-5.25
1.5|2.5|-4.5|-4.5|3.0|3.0|3.0|1.0|1.0|2.0|1.5|3.0|-4.5|2.0|-3.0|1.0|-2.25|-4.5|-4.5|2.0|-6.0|3.0|-4.5|-4.5|1.0|3.0|2.5
-5.25|-4.5
1.0|2.0|2.0|2.0|1.0|3.0|-3.75|-4.5|1.0|3.0|-4.5|-3.75|-3.75|-3.75|2.5|3.0|3.0
3.0|-4.5|3.0|-2.25|-3.75|-3.75|2.0|2.0|4.0|2.0|2.5|3.0|1.5|2.0|-3.75|-3.75|2.0|2.5|3.5|-2.25
3.0|-4.5|-3.0|-6.0|-4.5|-4.5|-4.5|-3.0|-3.75|2.0|-3.0|-3.75|1.5|-6.0|2.0|-3.0|-4.5|1.0|-3.75|-5.25
2.0|-3.75
-4.5
1.0|-3.75|-4.5
3.0|1.5
1.0|1.0|1.0|2.0
2.0|-6.0|-3.0|2.0|-5.25
2.0|-4.5|-4.5|3.0|-4.5
2.0|-4.5|-4.5
-4.5|2.0|-4.5|-4.5|2.0|-3.0
-3.0|3.0|3.0|2.0|1.5|-4.5|-4.5
-4.5|1.0|-3.0
1.0|3.0
3.0|2.5|2.0|3.5|-5.25|1.0|2.5|1.0|3.0|-3.0|-4.5|-4.5|-5.25|3.5|0|-4.5|0|-4.5|-4.5|3.0|1.0|-1.5|1.0|2.0|3.0|2.0|2.5|-4.5
-3.75|1.0|-4.5
1.5|2.5
1.0|-1.5|3.0|-3.75|-1.5|-2.25|4.0|4.0|2.0
-4.5|-3.75|-3.75|1.5|1.0|2.0|1.0
-4.5|-4.5
3.0|-5.25|-3.75|1.0|-4.5|3.0|-4.5|0|3.0
-3.75|2.0
3.0|2.0|-4.5|-4.5
3.0|-4.5|-4.5|-5.25|2.0
-4.5|2.0|-4.5|2.0
3.0|3.0|2.0|3.0|3.0|0|-3.75|3.0|-4.5|-4.5|-4.5|2.0
-3.0|-4.5|-3.75|-4.5|-4.5|-6.0|3.0|-4.5
3.0|0|-3.75|-3.75|-4.5|5.0|-3.0|-3.0|-3.75|-4.5|3.0|1.0|3.0|-4.5|-4.5
3.0|1.0|-4.5
-4.5|3.0|2.0|2.0|2.0|2.0|-4.5|3.5|1.5|-3.75
-4.5|3.0|3.5|3.0|3.0
-6.0|-2.25|-3.75|-2.25|-2.25
3.0
3.5|1.5|-4.5|3.0|0|-4.875|-6.0|1.0|1.0|4.0|-2.25|2.0|1.0
-4.5|-4.5|-4.5|1.0|3.0|-2.25|1.0|-3.0|2.0
-5.25|-2.25|1.5|1.0|-4.5
-4.5|-2.25
-3.0|-6.0|-3.75|-3.75|-2.25|2.0|-3.75|-3.75|3.0|-6.0|1.5|2.0
2.0|-6.0|3.0|-3.75|2.0|2.5|-3.75|-3.0|-3.75|-3.75|-3.0|-4.5
-5.25|-6.0|-5.25|1.5|-3.75|-6.0
3.0|3.0|3.0|-4.5|3.0|-4.5|3.0
-3.75|3.0|3.0|-3.75|2.0|-4.5|1.0|-5.25
2.5|2.5|1.5|4.0|2.0|-4.5|3.0|1.5|-5.25|3.0|3.0|-2.25|-4.5
-2.25|3.0|1.0
2.0|-5.25|3.0|3.0|-5.25|1.5|2.0|3.5
-4.5|2.0|3.5
-3.0|1.5|1.0|2.0
3.5|3.5|-4.5|0|-4.5|-6.0|-1.5|-6.0|-4.5|3.5|1.5|-4.5|-3.75|-4.5|-4.5|3.0|-4.5|-4.5|-6.0|-3.75|-3.0|-4.5|1.5|-3.0|-4.5|-4.5|-4.5|-4.5|-4.5|2.5|-4.5|1.0|-4.5|2.0|-3.75|-4.5|-6.0|-4.5|-2.25|0|-5.25|-4.5|3.0|2.0|-4.5|-4.5
2.0
-3.75
2.5|3.0|-5.25
1.0|-3.0|2.5|1.5|-4.5|3.0|3.0
3.0|3.5|-3.75|-6.0
2.0|-2.25|1.0
-4.5|2.0|1.0|2.0|-5.25|-5.25|-4.5|-4.5|-4.5|-2.25|-4.5|1.0


1.0|-2.25|-4.5|-3.75
-4.5|-2.25|-4.5|-4.5
-3.75|-4.5|-3.0
-6.0|3.0|-6.0|-1.5|-5.25|-6.0|-4.5|-2.25|-2.25|-2.25|3.5|3.0
1.0|2.5|-4.5|-4.5
3.0
3.0|-3.75|-5.25|1.5|-3.75|-3.0|-1.5
-3.0|2.0|3.0|3.0
3.0
2.0|1.0|-3.75|-4.5|2.0
3.0|3.0|1.5|3.0
-4.5|3.0|-3.75|2.0|1.0
-3.75
-3.75|-3.75|-3.0|-3.75|-4.5|-3.75|3.0
-4.5|-3.75|-2.25|3.0
-3.0|1.5|1.0|-4.5|-4.5|-4.5|-4.5|1.0|3.0|-3.0
-5.25|3.0|-5.25
3.0|3.0|-3.75|-3.0|-4.5
-4.5|1.0|-4.5|-2.25|-4.5|-4.5
-2.25|-6.0|1.0|2.0
1.0|-4.5|1.5|-1.5|-1.5|-5.25
-4.5|-6.0|2.0|2.0|2.5|3.0|-3.75|-5.25|2.0|0|4.0|-5.25|-4.5|-6.0|-5.25
3.0|-3.75|-5.25
3.0|-1.5|-4.5|2.0|1.0
-4.5|1.5|2.0|3.0
-3.75|3.0|-4.5|0|1.0|2.0|3.0|2.0|-5.25
3.0|3.0|-4.5|1.0
-3.0|3.0|-3.0|3.0
-5.25
-6.0|-3.0|2.0|-3.75|-4.5|-4.5|2.0|1.0|2.0|3.0|3.0
-5.25|1.0|2.0|-2.25|-3.75|-4.5
-4.5|-4.5|2.0|3.0|2.0|1.5|-4.5|-6.0
-2.25|2.0|-3.0|-3.75|2.0
3.0|-3.0|3.0|2.0
3.0|3.5|-6.0|-4.5|1.5|-2.25|2.0|3.0|-4.5|1.0|2.0|2.0|-4.5|-3.75|-4.5|3.0|4.0|2.5|3.0|-4.5|-3.75|-3.75|-4.5|-6.0|-3.0|-4.5|-4.5|-3.75|3.0|-3.75|-4.5|1.0|-3.0|-4.5|2.5|4.0

-4.5|-5.25
-2.25|1.5|2.0|2.0
3.0|3.5|-4.5|-4.5|-3.0|1.5|-1.5|3.0|1.0|-4.5|1.0
-5.25|1.0
3.0|-2.25
2.0|-3.0|1.5|1.5|-3.75|-4.5|-3.75|-3.0|-4.5|-4.5|3.0|-6.0|3.0|-3.0
-4.5|2.0|-4.5|-4.5|-4.5|-4.5
-3.75|2.5|1.5|-5.25|-4.5|-2.25|2.0|4.0|3.0|-3.75
-5.25|3.0|3.0|-3.0|2.0|2.5|-4.5
3.0|-4.5|-2.25|3.0|3.0|2.5|2.0|3.0|3.0
-3.75|3.0
-4.5|-4.5|-4.5
-4.5|-4.5|3.0|-3.0|1.0|-4.5|3.0|-3.0|3.0|2.0
-3.0|3.0|3.0

-5.25|1.0|3.0|-4.5|1.5|2.5|-5.25|-2.25|-6.0|-3.75|-3.75|-2.25|-4.5|-4.5
3.0|2.0
2.0|-2.25|3.0
-4.5|-4.5|-3.75|1.5|-5.25|-6.0
1.5|1.0|2.0|2.5|3.0|-4.5|-3.0|-4.5|3.0|-3.0|2.0|-4.5|-1.5|3.0|-4.5|2.0
3.0|1.0|1.5
4.0|1.0|2.0|-4.5|-4.5
-2.25|-4.5|-6.0|3.0|-4.5|-4.5|-3.75|-4.5|-4.5|-4.5|-4.5|-3.75
-4.5|-3.0
3.0|-4.5|-6.0|-3.0
1.0|-1.5|3.5|2.0|-4.5|2.5|3.0
3.0|4.0|3.0|-4.5|-3.0|2.0|-4.5|2.0|-3.75|-4.5|2.0|-4.5|1.0|-5.25|2.5|2.0
1.0|-2.25
-3.75|-3.75|2.5|-2.25
-3.75|-6.0|-3.75|-3.75|-6.0|-3.0|-4.5
3.0|2.5|1.0|1.5
3.0|-4.5|-3.0|-6.0|-5.25|-4.5
-4.5|-3.75|-3.75|-3.75|-2.25|3.0
-3.75|3.0|-3.0|1.0|2.0|1.5|-1.5
1.5|-3.0|-6.0|-6.0|1.0
-3.0|3.0|1.5
-3.75|1.0|1.0|2.0|4.5
3.0|1.5
-3.75|-3.75|-6.0|3.0|3.5|-4.5|2.5|3.0|-6.0|2.0|1.0|1.0
-4.5|-3.75|-4.5|-4.5|-4.5|2.5|-2.25|2.5|1.0
-4.5|-4.5|-5.25|-3.0|2.0|-4.5
-5.25|-3.75|-4.5|3.0|-4.5|-4.5|3.0|-4.5
-4.5|3.0|-2.25|-2.25|1.5|-6.0|3.0|-4.5|-3.0|-4.5|1.0|-3.75|3.0|-6.0|-4.5|3.0|3.0|3.0|2.0|-2.25|-4.5|-4.5|-2.25|-1.5|3.0
3.0|3.0|3.0|3.0
-4.5|1.5|-4.5|2.0|-3.75|3.5|-3.75|1.0|3.0|3.0|-1.5|-3.0
-3.75|-5.25|-4.5|2.0|-1.5|3.0|2.0|-5.25|1.5|1.5|2.0|-4.5|-3.75|-5.25|-2.25|-5.25|-6.0|-3.0|3.0|3.0|-6.0|1.5
2.5|-4.5|-2.25|2.0|1.0|-3.75|3.0|2.0|-3.75
1.0|-2.25|3.0
-4.5|-4.5
-3.0|2.0
1.0|3.0|3.5|3.0|3.0|-2.25|3.0|1.5|3.0
1.0|-3.0|3.0|-5.25|1.0|-3.75|2.5|-4.5|-5.25|-4.5|2.0|2.0|-5.25|1.0|3.0
-5.25|-4.5|-5.25
-3.75|3.5
1.0|-3.75
3.5|3.0|3.0|-5.25|-4.5|-4.5|1.5|-6.0|1.0
-3.75|-4.5|-4.5|1.0|2.0|-5.25|2.0
-5.25|3.0|2.5
3.5|2.0|-5.25|-3.75|-3.0|-4.5|3.5|-4.5
-3.75|2.0|-4.5|-3.0|-4.5|-4.5|-3.0
-4.5|2.0|1.0|-6.0|2.0|-3.75|-3.75|3.0|2.0|3.0|3.0
2.0|1.5|3.0|-2.25|-3.75
-4.5|3.0|-2.25|1.0|1.5|-4.5|2.0|3.0|-4.5|3.0|-4.5
-4.5|-4.5|-4.5|-2.25|-3.0|3.0|3.0|-3.0|-3.0|-3.0|-3.0|-4.5|2.5|3.0|2.5|-5.25|-3.0
1.0|1.5
2.0|-4.5|3.0|-4.5
3.0|-3.75|2.5|3.5|2.0|3.0|2.0
1.5|2.0|1.5|2.0|4.5|-2.25|3.0
-3.75|-5.25|-4.5|2.0|3.0
1.0|-4.5
-5.25|-4.5|-6.0|-2.25|-4.5|3.0|3.0|3.5
3.0|-4.5|-2.25|2.0|2.0|1.0|1.0|3.0
-4.5|-3.0|-3.75|1.5|1.5|-4.5|1.0|2.5|-4.5
2.0|-4.5|3.0|1.5|-4.5
2.0|-4.5|1.0|-4.5|-4.5
-6.0|-4.5|-4.125
-5.25|-4.5|-2.25|-3.75|-3.0|5.0|5.0|-4.5|1.0|-5.25|2.5|3.0|-4.5
-3.75|-4.5
2.0|-2.25|3.0|-2.25|-3.0|1.5|1.5|3.5|-4.5
-6.0|3.0|-4.5|-3.0
-3.75|2.0|-3.75|2.5|3.0|-4.5|3.0|2.0|-4.5
3.0
-4.5|-4.5|-3.75
-4.5|-1.5|3.5|-2.25|3.0|-4.5|-2.25
5.0|-4.5
3.0|-3.0|3.0|-3.0|2.0|1.0|-4.5
3.0|3.0|3.5|-3.0|-4.5|2.5|1.0|3.0|-4.5|-4.5|-4.5|-3.75|-4.5
-4.5|-3.75|-5.25|-2.25|-4.5|3.0|-4.5|2.0|-5.25
-3.0|-5.25|-4.5|-5.25|3.0|-6.0|-3.75|3.0|3.0|-2.25
2.0|3.0|-3.75|-3.0|2.0|-4.5|3.0|2.5|3.0|-4.5
-4.5|3.0|2.0|-4.5
-4.5|4.0|1.5|-3.0|1.5|1.0|3.5|2.5|-2.25|-3.75|-4.5|3.5|-3.0|-3.75|1.5
-4.5|3.0|-3.75|1.0|1.5
3.0|1.0|-4.5|-4.5|3.0|-4.5|-3.0|-4.5|3.0|-2.25
3.0|-4.5
3.0|-3.75|-3.75|-3.75|1.5|2.5|-3.75|-3.75|-5.25
3.0|1.0|-4.5|-4.5|-3.75|2.0|-4.5|-3.75|-4.5|-4.5|2.5|-6.0|-2.25|-4.5|3.0|3.0|-2.25|3.5|-4.5|-4.5|-3.0|3.0|-4.5|2.0
2.0
-4.5|2.0|1.0|-3.75
-3.0|-3.75
-4.5|1.0|-3.75|2.0|-4.5|2.0|3.0|3.0|2.0|3.0|1.5
-3.0|3.0|-3.75|-4.5|-4.5|2.5|-3.0|1.0|2.5|-4.5|2.0|-2.25|-6.0
-4.5|1.0|0|-1.5|-3.75|-3.0|-2.25
3.0|2.0|1.0|-4.5
-6.0
4.5|-1.5
-4.5|-4.5|1.0|-1.5|2.0|3.0
1.0|-4.5|2.0|2.0|-1.5|1.0|1.0
-5.25|2.0|-1.5|3.0|-5.25|-3.0|-1.5
3.0|-2.25|-4.5|-4.5|3.0|2.0|-4.5|3.5|-3.75|1.5|3.0|-3.75|1.0|-4.5
-2.25|3.0|1.5|-4.5
3.0|3.0|-3.75|3.0|-4.5|3.0|2.0|2.5|1.5
-4.5|-6.0|-4.5|1.5
-2.25
-6.0|4.0|3.0|-4.5|3.0|-5.25|1.0
-4.5|2.0|4.0|3.0|-2.25
3.0|-4.5|-4.5|-3.75
-4.5|2.0|3.5|-6.0|-3.75|-3.75|2.0|1.0|2.0|-3.75|2.0
3.0|1.0|-2.25|2.0|-6.0|-4.5|-3.75|-4.5|1.5|-6.0|-1.5|-6.0
-2.25|-3.0|-4.5|-4.5|-3.75|2.5|-3.75|2.0|-2.25|-6.0|-5.25|-3.75|1.0|3.0|2.0|2.0|2.0|-4.5|-3.0|2.0|2.0|3.0|3.0|3.0
-4.5|-4.5|-4.5|-4.5
-3.75|2.0
-2.25|3.0|3.0|3.0|-2.25|2.5|-2.25|3.0
-3.75|3.0|-3.75
3.0|3.0|4.0|3.0
2.0|1.0|-4.5|-3.0|-4.5|-6.0|1.5|-3.75
-3.0|1.5|1.5
1.0|1.0|3.0|-3.75|-5.25|3.0|-3.0|3.0|-3.0|2.0|-6.0|3.0
3.0|1.0|3.0|2.0|3.0|2.0

3.0|-6.0
-3.75|-3.0|2.0|3.0|-3.75|1.0|3.0|-4.5|-4.5|-3.75
2.0|2.0|-4.5|-3.0
1.0|-4.5|-4.5
-3.75|1.0|3.0
2.5|-4.5|2.0|-4.5|-2.25|-3.0|2.5|-2.25
-4.5|2.0|-4.5
1.0|-1.5|2.5
3.0|2.0|0.8|-3.75|2.0|2.0|-5.25|1.0|-3.0|3.0|2.0|1.5|-3.0
3.0|3.0|-3.75|2.0|1.0
2.0|2.0|2.0|-4.5|-4.5|-3.75|-3.75|1.0|-4.5|2.0|4.0|3.0|3.0
-4.5|-4.5|2.5
-4.5|-4.5|-3.75|-3.75|2.0|-2.25|3.0
3.5|3.0|3.0|-5.25|1.0|1.5|-3.0|-3.75|-4.5
3.0|2.0|5.0|2.0|2.0|1.5|-4.5|-4.5|2.0|-4.5|3.0|-5.25|1.5|-4.5|1.0
3.0|-4.5|-3.75|-4.5
3.0|1.0|-4.5|2.0|3.0|-3.75|2.0|-4.5|3.0
-4.5|-4.5|-5.25|2.0|-4.5|-4.5
-6.0|2.0
3.0|3.0|-2.25|1.5|1.0
-2.25|-4.5|-2.25|-3.0
-4.5|-4.5|-3.75|-2.25|-4.5|3.0|0.8|-6.0|-2.25|-4.5|-3.0|-6.0|-3.75|3.0|-2.25
-2.25|-2.25|1.0|2.0|-2.25|4.0
-4.5|3.0|3.0|1.0|-4.5|2.0|3.5|2.0
2.0|0|-4.5|1.0|-3.75|-2.25|2.0|2.0|0|-4.5|-4.5
3.0|-4.5|-2.25|1.5|-3.75|-3.75|-3.0|-3.0
-4.5|1.0|-4.5|3.5
-4.5|-4.5
3.0|0|-4.5
3.0|3.0
3.0|-3.0|3.0|3.0
3.0|-3.75|3.0|3.0|-4.5
3.0|-3.75|-4.5|-6.0
3.0|-4.5|2.0|2.0|2.5|-3.0
1.0|1.0|2.0
3.0|-4.5
-4.5|1.0|-2.25|1.1
1.5|-2.25|-3.75|-2.25|-6.0|-3.0|-3.0|-4.5|3.0|1.5|1.5|3.0|-5.25|3.0|-3.75|-3.75|2.5|2.0|-2.25|-2.25|1.0|-5.25|-3.75|2.0|2.0|3.0|-3.0|2.0|-3.75|1.0|3.0|3.0|1.0|3.0|-4.5|-3.75|-5.25
3.0|-2.25|1.5|3.0|-2.25|-2.25|3.0|3.0|2.0
2.0|1.5|-5.25|-6.0|-1.5|-3.0|-6.0|-4.5|-6.0|-3.75
-5.25|2.0|-3.75|-4.5|3.0|-1.5|1.0|-4.5|2.0|2.0
2.0|3.0|-4.5|-4.5|3.0|-3.75|3.5|1.0|1.5|-4.5|-4.5|-4.5|1.0|-3.0
-4.5|-4.5|-4.5|-4.5|-4.5
-4.5|3.0|-4.5|-4.5|2.5|3.0|-3.0|-3.0|-3.75|-4.5|0|2.0|3.0|1.0|3.0|-5.25
-3.75|-3.75|-4.5|-2.25|-3.75|-3.0|-6.0|-3.75|3.0|2.0|-4.5
-4.5|-2.25|2.0|2.5|-3.75|2.0|1.0|-2.25|1.5|2.5|3.0|3.0|-4.5|-4.5|2.0|-3.75
-6.0|-3.75|-2.25
-4.5|2.0|-3.0|-3.0|1.0
3.0|-3.75|-4.5
0|-4.5
-4.5|-4.5|-4.5|3.0|-3.75|1.0
3.0|-4.5|3.0|-4.5|1.5|-3.0
-4.5|-4.5|2.0
3.5|3.0|1.0|2.0|-4.5|1.0|3.0|1.0|-4.5|-1.5
1.5|1.0|-2.25|-1.5|-3.75|-4.5|-3.75|4.0|1.5|1.5|-6.0|1.5|2.0|-3.75|-1.5|-2.25|-3.75|1.5|3.0|3.0|1.5|2.0|-1.5
-5.25|3.0|3.0|-3.75|1.0|-3.75|-4.5|-4.5|3.0|-3.75|3.0|3.0|-6.0|-3.75|1.5|1.0|-4.5
-4.5|-4.5|3.0|-4.5|-4.5|-3.0|-4.5|-4.5|-6.0|-4.5|-4.5|-4.5|3.0|-4.5|-4.5|-3.0|-4.5|-4.5|-6.0|3.0|-4.5|-6.0|-4.5
1.5|-3.0|1.5
-4.5|-6.0|-4.5|-4.5|3.0|-4.5|-4.5|3.5|3.0|-4.5|-5.25|2.5|-4.5|4.0|3.0|4.0
-3.75|2.0
-4.5|-3.75|-4.5|-5.25|3.0|3.0
3.5|2.0|-5.25|2.0|-4.5|-4.5|-3.0
3.0|3.0|-6.0|-1.5|1.5|-6.0|2.5|-1.5|3.0|-1.5|1.0
-6.0|1.5|-5.25|3.0
3.0|2.0|-4.5|3.0
2.0|-5.25|-4.5|2.0|1.0|1.5|1.0|2.5
2.0|-5.25|-4.5
2.0|-3.75|3.0|-3.75|3.5
-3.75|-4.5|-4.5|1.0|-4.5
-3.75|1.5|3.5|3.0|2.0|3.0|2.5|3.0
1.0|-2.25|-4.5|1.0
-5.25|2.0|2.5
-4.5|-3.75|-3.0|-4.5
-3.75|-2.25|2.0|1.0|2.0|2.0|3.0|2.0
2.0|-3.0|-3.0|2.0|-3.0
3.0|-5.25|-3.0|-3.0|-3.75|3.0
-4.5|3.0|-3.75
-6.0|-3.75|-3.0|-2.25|-3.75|2.5|-4.5|-4.5|0|1.5|-3.0|-2.25|-3.75|-1.5|3.0|1.5|3.0|1.5|1.5|-4.5
-3.75|-1.5
-3.0|-2.25|2.5|2.0|2.0|-4.5
3.5|-4.5|-5.25|-4.5|1.0|-6.0|2.0|-4.5|-6.0|2.0
3.0|-4.5|3.0|1.1|-5.25
-4.5|-3.0|3.5|1.0|1.5
2.0|2.0|2.0|-3.0|1.5|1.0|3.0|1.0|-3.75|2.0|2.0|1.5|1.0|3.0|-6.0|2.0|2.5|1.0|-6.0|3.0|-4.5|3.0|-3.75|1.0|-4.5|3.5|-4.5|-6.0|3.0|3.0|2.5|3.0|-3.75|2.5|4.0|4.0|-4.5|2.0|3.5|2.0|3.0|3.0|-6.0|-2.25|3.0|2.0|-5.25|-4.5|3.0|-3.75|-2.25|-4.5|-6.0
1.0|-4.5|1.0|1.5
-4.5|-4.5|-3.0|3.5|3.0
2.0
-3.75|-2.25|-4.5|3.0|-4.5|-4.5
3.0|2.0|1.0|2.0|-2.25|-2.25|2.0|2.0|2.0|3.0|2.0|3.0|3.5
3.5|3.0|-4.5|-2.25|3.0
2.0|-3.75|2.0
-3.75|-4.5|-4.5|1.5|-4.5|2.0|3.0|2.5
3.0|3.0|-3.0|-4.5
2.0|-4.5|-4.5|1.5|-5.25|-5.25
-3.0|3.0|-3.0|3.0|3.0|3.0|1.0|1.5|2.5|3.0|-4.5|-3.0|-2.25|3.0|3.0|-6.0|3.0|-3.75|-4.5|-3.0|-4.5|-3.75|2.5|4.0|1.75|-4.5|-3.75|-4.5|3.0|2.5|2.5|3.0|-4.5|4.0|3.0|2.5|1.5
3.0|-3.75|1.5|-6.0|2.0
-4.5|1.0

3.0|-4.5|-3.75|-4.5
3.0|3.0|-4.5|-3.0|3.0|4.0
-4.5|-2.25|-3.75|-4.5|-3.75|3.0
1.0|-4.5|4.0|3.0

3.0|-1.5|3.0|-4.5|-4.5|-5.25|3.0|2.5|-4.5|-4.5
-4.5|-4.5|-3.75|3.0|-4.5|2.0|-3.75|3.5|3.0|-4.5|3.0
1.0
3.0|-3.0|-4.5|1.0|2.5
-4.5|-3.75|1.5|-1.5|-1.5|3.0
-3.75|-2.25|-3.75
-3.75|2.0|-4.5|1.0
-4.5|3.0|-3.75|3.0|-3.75
-5.25|3.0|3.0|-4.5
-4.5|-4.5|-4.5
3.0|-3.0|-4.5
3.0|-4.5|-2.25|-4.5|3.0
2.0|3.0|2.5|-3.75|1.5
1.0|1.0
3.0|-4.5|-5.25|-4.5|-2.25|2.0|3.0
1.0|1.0
-3.75|3.0|1.5|1.0
-2.25|1.5|-6.0|-2.25
-4.5|-3.75|-3.0
3.0
2.0|2.5|3.0|3.5|-4.5|-4.5|1.5|1.0|-2.25|-4.5|-4.5|-3.75|3.0|-3.75|-4.5|3.0|2.0|2.0|-4.5|0|1.5|-4.5|3.0|3.0|3.0|0|3.0|3.0|-5.25|-3.75|3.0|-3.75|-4.5|-4.5|3.0|-4.5|1.0|1.0|3.0|-5.25|-1.5|-5.25|-4.5|3.0|-6.0|3.0|1.0|-2.25|-4.5
-4.5|-5.25|2.0
1.5|-3.75
-3.75|3.0|2.0|-6.0|-2.25|-3.75|-2.25|-4.5|-4.5|3.0|3.0|1.5|2.0|2.0
3.0|3.0|1.0|3.0|3.0
-4.5|-4.5
2.0|-4.5|-4.5|-4.5|-4.5|-4.5
2.5|1.0|2.0|2.0|3.0|2.0|-3.75|3.0|-3.75|-4.5|2.0|-3.75|3.0|2.0

3.0|3.0|2.0|2.0|-4.5|-3.75|-6.0|-4.5|-3.0|3.0|-2.25|-6.0
-4.5|3.0|2.0|3.0|1.0|2.0|2.0|1.5|1.5|2.0|3.5|3.5
3.0|1.0|-1.5|3.5
-4.5|1.5|3.0|-3.75
-3.75|-3.0|1.5|-3.0|3.0
3.0|2.0|3.0|-4.125|1.5|-5.25
1.0|3.0|-4.5|-4.5|4.0|-4.5|2.0|2.0|2.0|3.0|3.0|2.0|-3.0|3.0|1.5|1.0
-4.5|-5.25|-3.0|-4.5|-3.75|3.0|-4.5
3.0|-3.75|1.5|-1.5|-3.0|3.0
-4.5|-4.5|1.5|-4.5|-4.5|-4.5|3.0
-4.5|-4.5|-6.0|1.5|2.0|-1.5
4.5|-2.25|3.5|-4.5|-4.5|-3.75|-4.5|2.0|-5.25|3.5|-4.5|-3.0|-4.5|-3.75|1.0|3.0|4.0|3.5|3.0
-3.75|-3.75|2.0|-4.5
1.0|-4.5|1.0
2.0|2.0|2.0|3.0|-4.875|3.0
3.0|-2.25
3.5|-4.5|-4.5
1.0|3.0|-1.5|-6.0|3.5|-3.0|-5.25|-6.0|-5.25|4.5|1.5|-3.75
-4.5|-6.0|2.0|-4.5|3.0|-5.25|2.0|-4.5
-4.5|-4.5|-4.5|-5.25|-6.0
-4.5|-3.0
-4.5|3.0|2.0|-4.125|-4.5|1.0|-3.75|-4.5|2.0|-2.25|2.0|-6.0|2.0|2.0|-4.5|-1.5|-3.0|1.5|-1.5|3.0|-1.5|-5.25|1.5|-2.25|1.5|-3.0|-4.5|3.0|3.0|-4.5
3.5|-3.0|-3.0|-4.5|-3.75|-4.5|1.5|-4.5|1.5|-2.25|-4.5|2.5|3.0|2.0
1.5|-4.5|3.0
1.0|-4.5|-1.5
-4.5|-4.5|1.5|1.0|-3.75|2.0|-4.5|-4.5|0|-4.5|-3.0|2.0|-4.5|1.0|3.0
3.0|3.0|-2.25|-5.25|2.5|-4.5|1.5|3.5|-4.5|-3.75|3.0|2.0
1.0|3.0|-4.5|1.0
-5.25|-4.5|3.0|-4.5|-3.75|-6.0|-2.25|2.0|1.0|4.0|2.0|3.0|3.0|4.0|3.0|2.0
1.5|4.0|-2.25|-4.5|2.0|-4.5|3.0|-3.0|2.5|-4.5|1.5|3.0|-4.5|-2.25|-4.5|3.0|-3.0|3.0|-4.5|-4.5|3.5|4.0|3.0|-2.25|3.0|-5.25|-3.0|-5.25|-3.75|2.5
-3.75|-3.75|1.5|3.0|3.0|2.5|-1.875
1.0|-4.5|-2.25|-4.5
-4.5
3.5|-4.5|1.0|-4.5|-6.0|1.5|-3.75|4.0|-3.0|3.0|-4.5|-4.5|-4.5|-4.5|3.0|3.0|2.5|3.0|-4.5|-3.0|3.0|-4.5|-3.75|4.5
-2.25|-3.75|-3.75|-3.75|2.0|3.0
1.0|2.0|-4.5|-4.5|-4.5|-3.75|-1.5|3.0|-3.75|-3.75|2.5|-3.75|2.0|1.5|3.0|2.5|-4.5|1.0|3.0|4.0

-2.25|-1.5|3.0|2.0|2.0|1.0|2.0|3.0
-3.0|2.0|2.0|1.5|-6.0|-4.5|-3.0|1.0|1.0|2.0|3.0|-5.25|1.0|-3.75|1.0|2.0|-2.25
-6.0|-5.25|3.5|1.5|4.0|-4.5|-4.5|1.0|3.0|-5.25|-1.5|1.0|2.0|2.0|-2.25|3.0|2.0|-2.25|-6.0|2.5|-6.0|1.0|2.5|2.0|3.0|-3.75|-3.0|-4.5|2.5|4.0|-1.5|3.0|-5.25|1.0|2.0
-4.5|-4.5|-2.25|-4.5|-3.0|-3.0
1.0|2.5|-3.0|1.0|3.0|3.0
-3.75|3.0|-3.75|-4.5|-4.5
3.5|-4.5|3.0|3.0|4.0|1.0|-4.5|-4.5|3.0|3.0|3.0
-3.0|3.0|-3.0|3.0|-6.0|-3.0|3.0|2.0|2.0
-3.0|-3.75|2.0
-5.25|-3.75|-2.25|2.5|3.5|2.0
3.0|3.0|2.0|3.0|3.0|-2.25|3.0|-4.5|3.0|-4.5|-3.0|-5.25|-4.5
-6.0|1.5|-4.5|3.0|-3.0|1.0|-3.0|-4.5|-3.0|1.5|3.0|-4.5|-5.25
-2.25|-4.5|-4.5|1.0|3.0|1.0|3.0|3.5
3.0|-2.25|-2.25|-4.5|2.0|-3.75|-3.0
-4.5|-3.75|2.0|-6.0|-5.25|-3.75|3.0|3.0|3.0|-3.0|-3.0|3.0|-4.5|1.0|2.0|1.0|3.0|1.5|1.0|2.5|3.5|2.5|3.5
3.0|-4.5|3.0|-4.5
-4.5|3.0|1.5|1.0|-4.5|-4.5|-4.5|3.0|1.5
3.0|2.5|-4.5|-4.5|-2.25
1.0|3.0|1.0|2.0|2.0|3.0|-4.5|-1.5|-4.5|3.0|-3.0|3.5|3.0|-3.0|-5.25|1.5|-4.5|-4.5
3.0|1.5|-4.5|-6.0|-3.0|-3.0|1.0|1.5|3.0|2.0|3.0|3.0|-4.5|3.0
1.5|-4.5|1.5|-6.0|2.0|2.0|2.0|3.0|-4.5|2.0
-2.25|3.0|-3.0
2.0|2.5|-3.75|-4.5|1.5|-4.5|1.5|3.0|-5.25
1.5|-2.25|3.0|1.0|3.5|-2.25
3.0
-3.75|-4.5|-3.0|2.0|1.0|-3.75|1.0|-6.0|1.5|3.0|-3.75|2.0|3.0|3.0

-4.5|-4.5|2.0|-3.0
1.5|-3.0|3.5
2.5|-3.75|3.0|-4.5
1.5|-3.75|-4.5|1.5|-3.0
3.0|2.0|-2.25|1.0|-3.75|-3.75|1.5
-4.5|2.0|1.5|-3.0|-2.25|1.5|-6.0|4.0|-4.875|-4.5|1.0|-4.5|-4.5|-5.25|-4.5|-4.5
-4.5|-3.75
-3.75|-3.75|-3.75|2.0|3.0|1.5|-1.5|3.0|-3.0|2.0|2.0
-3.75|-3.75|3.0
-4.5|2.0|-6.0|-3.0|3.0|-4.5|-1.5|-4.5|2.0|-4.5
-2.25|-4.5|-3.75|2.5
3.0|-3.75|-3.75|-3.75|2.5
2.0|2.0|2.0
2.0|3.0|1.0|-4.5|1.5|3.0|-5.25|-3.75|-4.5|1.0|2.0|-3.75|3.0|-5.25|-4.5|2.0|3.0|3.5|-3.75|1.5|-3.0|-4.5|2.0|1.0|3.0
-6.0|-4.5|-3.0|2.0|3.0|-6.0|2.0|-3.75|-6.0|1.5|-4.5|2.0
-2.25|1.0|3.0|-5.25|-4.5|-4.5|1.0|-2.25|1.0|1.5|3.0|-4.5|-2.25|2.0
1.0|2.0|-4.5|-3.0|-2.25|3.5|2.5
3.0|2.5|-4.5|3.0|-4.5|1.5|-2.25
1.0|-4.5|3.0|2.5|3.0|2.0|1.5|-6.0|-5.25|-1.5|3.0|-2.25
4.5|3.0|-4.5|1.0|2.0|1.0|3.0|-4.5
0|-4.5|3.0
3.0|-1.5|1.5|4.0
-4.5|3.0|2.0|1.5|1.5|-6.0|-1.5|3.0|2.0
-4.5|3.0|-2.25|-4.5
2.0|3.0|2.5|1.0|1.5|-4.5|2.0|1.5
3.0|2.5|-4.5
-4.5|-3.75|1.0|4.0
-4.5|4.5|0|-3.0|-3.75|3.0|3.0|-4.5|-1.5|1.0|4.5
2.0|2.0|-4.5|3.0|-3.75|-1.5|3.0
-4.5|1.5|1.5|3.5
3.0|-6.0|-4.5
-2.25|-3.0|2.5|1.0|0|-2.25|-2.25|2.0|-3.0
-4.5|2.0|-4.5|2.5|1.0|1.0|1.0|3.0|3.0|1.0|-5.25|-6.0
3.0|1.0|2.0|-4.5|-6.0|-2.25|-2.25|-4.5|-2.25|2.0
3.0|-3.75|-5.25
3.0|-4.5|-5.25|1.5|-3.75|-3.0|-4.5|-4.5|1.0|3.0
3.0|-3.75
1.0|-4.5
-4.5|-4.5|1.5|2.0|-4.5
4.5|-3.75|4.5|-3.75|-2.25|2.0|1.5|1.5
3.0
2.0|1.0|-2.25
3.0|-4.5|2.0|2.0|2.0
-4.5|-3.0|-3.75|-3.0|-3.75|3.5|2.0|-4.5|3.0
2.0|3.0|-1.5
3.5|3.5|-5.25|-2.25|2.5|-2.25|-3.0|-3.0|-6.0|2.5|1.5|-3.0|-6.0|-4.5|-3.75|-6.0
-4.5|-4.5|1.5|-4.5|1.0|3.0|3.0|-3.0|2.0|-4.5|2.0|1.0|-3.0|-4.5|1.0|2.0|3.0|-4.5|3.0|2.0|-3.75|3.0|3.0|-4.5|2.5|-2.25|2.0|1.0|4.0|4.0|-4.5|3.0
2.0|-4.5|1.0|3.0|-2.25|2.0|2.5
-3.0|-4.5|1.75|-4.5
-3.75|-4.5|-5.25|2.0|3.0|-4.5|-6.0|-4.5|3.0|3.0|1.0|-3.75|3.0|-5.25|2.0|3.0|1.5|1.0|2.0|3.5
-4.5|-4.5|-4.5|2.0|-3.75|-4.5|2.0
2.0|4.0|-3.0
3.0|-2.25|2.5|-3.75|-3.0|-3.75|-3.75|-4.5|-4.5|-4.5|3.0|1.5|-4.5|3.0|1.5|1.5|-4.5|-5.25|3.0|2.0|1.5|2.0|3.0
1.0|-4.5|1.5|-4.5|-4.5|3.0|1.5|-3.0|2.0|-4.5|3.0
1.5|2.0|3.0|3.0|-3.75|3.0|3.0|-2.25|-4.5|1.5|3.0
-3.75|-1.5|1.0|-4.5|3.0
-3.0|-4.5|2.5|3.0|-5.25
-5.25|-4.5
1.0|-4.5|3.0
-4.5|-4.5|-3.0|2.0|-4.5|-4.5|-4.5
-5.25|-3.0
-3.75|3.0|-3.75
-6.0|-2.25|-4.5|-4.5|2.5|-2.25
-4.5|-3.0
-4.5|2.0|1.0|1.0
-4.5|-4.5|-5.25|-4.5|2.0|3.0|3.0|1.0|1.0|-3.0|3.0
1.0|-4.5|4.0
3.0|2.0|-4.5
2.0|-6.0|-6.0
-4.5|-4.5|-4.5|-4.5
-4.5|3.0|-4.5
-4.5|-3.75|1.5|-4.5
3.0|-4.5|-4.5|-6.0|2.5|-3.75|3.0|1.0|3.0
-3.0|-2.25|-4.5|1.0|3.0|-5.25|3.5

-3.75|3.0|3.0|-6.0|-4.5|-3.75|-4.5
1.0|0|-4.5
-4.5|2.5|2.0|1.0|1.0
1.5|-3.75|-4.5|3.0|2.0|3.0|1.5|3.0|-3.0
2.0
-4.5|-6.0|2.0|-4.5|-3.75|-4.5|-4.5|-2.25|-3.75|2.5|-3.0|3.0|3.0
-3.75|-3.75|2.0|3.0|1.0
-5.25|-1.5|-3.0
2.0|-3.75|1.0|3.0|-2.25|1.5|3.0|3.0|-2.25|-4.5|1.0|2.0
-4.5|-4.5|-4.5|-4.5|-3.75|1.5|2.5|2.5
1.0|-4.5|1.0|-1.5|-1.5|-4.5|-2.25|-3.0|3.5|3.0|3.0|-6.0|-5.25|-5.25|-1.5|1.0|-5.25|-3.75|-4.5|1.5|-4.5|-5.25|3.0|3.0|-3.75|-3.75|1.5|-3.0|1.0|3.5|3.0|2.5|2.0|2.5|2.0|1.5|2.0|1.0|-4.5
3.0|-4.5|-3.0
1.0|3.0|2.5|1.0|3.0|3.0|3.0
-1.5|1.5|-2.25|-3.0|3.0|3.0|3.5|3.5
-6.0|-6.0|1.0|-2.25|1.5|-3.75|-6.0|3.0|-4.5|3.0
-3.0|-4.5|3.5|-4.5|-6.0|-4.5|-6.0|-6.0|3.0
3.0|-5.25|-4.5
-4.5|-2.25|-4.5|2.0|1.0|3.0|-6.75|4.5|1.0|2.0|-4.5|3.0|3.5
-2.25|3.0|-3.75|3.0|-3.75|2.0|1.5|1.0
-3.75|-6.0|-4.5|-3.0|1.0|1.5
3.0|1.5|1.0|3.5|3.0|-3.0
-5.25|2.0|-3.0|1.5
1.0|1.0|-3.75|1.5|-4.5
-3.75|-2.25|-4.5|-3.0|1.0|-3.75|-2.25|-3.75|2.0|-4.5|3.0|-4.5|1.5|-4.5|3.0|3.5|-3.0
2.0|-4.5|-3.75|-2.25|-2.25|3.0|2.0
2.0|-2.25|1.0|-4.5|-3.75|-4.5|2.0|3.0|3.0|-4.5|3.0|-6.0|3.0|3.0|2.5
3.0|-4.5|-4.5|-4.5|-4.5|1.5|-4.5|-4.5|-4.5|-4.5|1.0|-6.0|-4.5
1.0|2.0
-4.5|-4.5|1.0|1.0|1.5
3.5|2.0|2.0|3.0|-5.25|-4.5|-3.0|-4.5|-4.5|3.0|3.0|-3.75|-2.25
3.0|2.0|3.0|-4.5|3.0|-3.0
1.0|3.5|3.0|-4.5|1.0|-6.0
-4.5|3.0|2.0|1.5|2.0|-3.75|-4.5|-4.5|-2.25|3.0|2.0|3.0|3.0|3.5|-3.75|3.0|-3.75|3.0|2.0|1.0|3.5|1.5|2.0|3.0|2.0|3.0|5.0
-4.5|-3.75|1.0|-3.0|-2.25|3.0|3.0|-6.0
1.0|1.0|-5.25
3.0
-4.5|3.0
3.0|-3.0|-3.75|-3.0|-3.75|-1.5|4.0
3.0|-3.75|2.0|-4.5|1.0
-4.5|1.0|-5.25|-3.75|-4.5|-5.25|-1.5|-3.0|1.5|-1.5|2.0|3.0|2.0|3.0|3.0|3.0|2.0|-4.5
-4.5|3.0|-4.5
-4.5|3.0|2.0|2.5|-3.75|1.0|-3.0|-5.25|0|2.0|-3.0|3.0|1.0|-3.0|-3.0|-4.5|1.5|2.0|-3.0|3.0
-4.5|-3.0|-5.25|-4.5|-4.5|3.0|-6.0
1.0|2.0|-3.75|1.0
-4.5|3.0|2.0
1.0|-3.75
3.0|3.0|-6.0|3.0|3.0|3.0|3.0|1.0|2.0
-4.5|-4.5
-4.5|-2.25
1.0|1.0|-4.5|-3.0|-4.5|4.0
2.0|-4.5|3.0|-3.75|1.0|3.0|-4.5|1.0|-4.5|-4.5|3.0|-3.0|3.5|-4.5
-4.5|3.0
-2.25|-4.5|1.5|-5.25|-4.5|-4.5|3.0|-4.5|2.0|2.0

-3.0|-4.5|2.0|-4.5|-3.0|-4.5|2.0|-3.75
-3.0|-4.5|0|-4.5|-4.5|-4.5|3.0
0|3.0|-5.25|1.5|2.0|2.0|-4.5|3.0|3.0|3.0|-4.5
2.0|3.5|-3.75|-4.5|1.5|3.0|-4.5|-6.0|3.0|3.0|-6.0|2.0|-1.5|2.0|-3.0|1.0
-4.5|2.0|1.0|3.0|1.0|3.0|-2.25|2.0|2.0|1.5|2.5|1.0|-4.5|1.0|3.0|2.0|1.0|-4.5
-2.25|1.5|-4.5|1.5|-5.25|-4.5|-3.0|3.0|3.0|-4.5|-3.0
-1.5|-3.75|3.0|-3.0|2.0|-5.25|-3.0|3.0|-3.0|-2.25|-6.0|3.0|-3.75|-3.75|3.0
2.0|2.0|3.0|-2.25|2.5|1.0|4.0|1.0
-4.5|-3.0|3.0|-6.0|-5.25|2.0|3.0|-5.25
2.5|2.5|-2.25|-4.5|3.0|-4.875|1.5|-3.75|-2.25|3.0|1.0|3.0|3.0|3.0|1.0
-4.5
2.0|-4.5|-3.75|-4.5|-4.5|4.0
2.5|2.5|2.0|2.0|1.0|-3.75|1.0|-3.75|2.0|2.0|-1.5|-4.5|-3.75|-6.0|-5.25|-2.25|-2.25|-3.0|-4.5|-4.5|-4.5|-4.5|1.0|2.0|-4.5|3.0|-3.0|3.0|1.0|-3.0|-3.75|2.0|0|-6.0|-4.5|3.0|-4.5|-1.5|-3.75
-4.5|2.0|-4.5|-5.25|3.0
2.0|-5.25|3.0|3.0|-4.5
2.5|1.0|1.0|1.5|3.0|4.0|1.5|3.0|3.0|3.0|-3.75
1.0|1.5|4.5|-5.25|0|-2.25|-4.5|-2.25|3.0|-6.0|-5.25|-4.5
1.0|2.0|2.0
3.0|-6.0|-2.25|-4.5|-2.25
-4.5|2.0|1.5|2.0|2.0|-3.75|-2.25|-3.75|-4.5
3.0|-2.25|1.5|-4.5|2.0|3.0|2.0|1.0
-4.5|-4.5|1.0
-4.5
-5.25|-2.25|1.0|-5.25|-4.5|-4.5|1.5|1.0|-3.0
-4.5|-3.75|1.0
-3.75|-3.75
1.0|-2.25|-4.5|2.0|-4.5|-5.25|-6.0|2.0|3.0|-5.25
-5.25
-4.5|-6.0|-4.5|-2.25|2.5|-3.75|-4.5|-3.0|3.0|-4.5|1.0|-3.75|-3.75
-4.5|-4.5|-3.0|-3.0
-4.5|-4.5
-3.75|1.5
-2.25|2.5|1.5
3.0|3.0|-4.5|1.0|-1.875|-3.0
-3.0|-4.5|3.0
-4.5|-4.5
3.0|1.0
-3.75|3.0|-4.5|-3.75|2.0|1.0
1.0|1.0|-4.5|-3.0
2.0
-4.5|2.5
2.0|-3.0|-4.5
3.0|1.5|-1.5
3.0|-4.5|-3.75|-4.5|-4.5|3.0|-3.75|-4.5|-4.5|1.5|-3.75|3.0
4.0|-6.0|-3.0|3.0|3.0|-3.75|2.5|-3.0|1.5|-4.5|-4.5|3.0|-4.5
-3.0
-3.75|-3.75|-4.5|-4.5|3.0|2.0|3.0
-6.0|-3.0|2.0|1.0|2.0|2.0|-4.5|-6.0|-4.5
3.0|2.0|-1.5|3.0
3.0|-4.5|3.0|2.0|3.0|-3.0|1.0|1.5|-4.5|-4.5|3.0|3.0|-4.5
2.0|2.0|3.0|-3.0|-3.75|-3.0|1.5
-4.5|2.5|2.0|2.0|-4.5
-3.0|-1.5

2.5|-1.5|-4.5|2.0|-3.75
