3.0|-3.0|-3.6|2.16|-0.6
3.0|2.5|3.0|3.9|3.5
1.5|1.8|4.0
3.0|3.0|-3.0|3.0|3.0|2.1
-3.6|1.8|3.0
1.8|3.0|3.6|4.2
3.9|3.0
3.0|2.0|-3.5|1.5|1.8|3.25|-3.0|1.0
3.9|3.6
3.0|3.0|-3.0|2.0
3.0|1.8|2.0|3.0
3.6|3.3|5.85
3.0|3.0|3.0|3.0|-3.0|-3.0|3.0|3.0|3.0|2.5|3.9|3.9|3.25|3.9|3.0|3.9|3.0|3.9
3.0|3.0|3.0|3.0
3.6|3.0|3.0
3.0|3.0|2.5|2.0|3.25
3.5|2.5|2.0|4.55
3.0|5.2|3.0|2.6
3.9|5.85|-3.0|2.0|3.0|-3.5|-3.5|-2.0|-3.0|0|-3.0|3.0
3.6|3.0|-3.0|3.0|3.0|3.0
3.5|3.0|3.0|-2.0|3.0|-3.0|3.5|2.5
3.0|2.0|3.0
3.0|4.0|2.6|0|-2.0
1.8|4.5|2.0|2.0
3.5|3.0|3.25|3.0
0.0|3.0|3.0
3.0|3.0|-1.2|3.9|0|-0.0|3.5|3.0
-3.5|1.8|2.0|1.0|1.8
2.6|1.8|3.0|3.0|-3.0|3.0
3.0|3.9
s|3.0
3.9|3.9|3.0|2.5|4.0
2.5|2.0|3.6
3.6|3.0|4.55
1.8|-3.5|3.0|0|-3.0|-1.25
4.5|3.6|-3.0|3.0
3.9|3.9|-3.6|2.0|2.0
4.5|-3.5|-3.5|3.0|3.0|3.0|3.0|3.5
3.0|-3.0|0|3.0
3.0|3.0|3.0|4.5
3.0|3.0|3.0|3.0
s|3.0|2.5|2.5|2.8|4.5|3.3|2.75|3.0
3.0|3.0|3.9|3.0|2.4|3.0
s|3.0|4.2|3.25|-3.5|5.2
3.0|3.9|3.0|3.0|3.5
3.0|3.0|3.9|3.6|-2.0|-1.0
-4.0|3.9
3.0|2.0|3.0|3.0
3.5|-2.5
4.0|3.0|3.6|3.0|2.4|1.2|3.5
5.0|2.0|2.0|0|3.0|3.9
3.9|3.0
3.0|-3.0|0|3.0|3.0|3.0
3.5
5.2|3.25
1.5|-3.5|3.6|2.2
1.8|3.0|3.0|2.1|3.5|3.0
-3.0|3.0|-3.5|2.0|0
4.0|s|1.8|-3.0|3.0
3.0|0|4.8|3.0
2.6|1.8|3.0|3.0|-3.5|3.6
3.6|3.6|-4.0
3.0|3.9|4.5|s|3.5
3.9|3.0|3.9
3.9|3.0|2.5|2.0|2.0
5.85|3.25|1.8|3.0
2.5
3.6|2.6|-3.5|0.0|4.0|0.0|2.0|-3.5
5.0|3.9|3.9|2.5|3.0
2.0|4.55|-3.0
-3.9|-3.9|-3.9|-3.9|-3.9|-3.9|-3.9|-3.9|-3.9|-3.9|-3.9|-3.9|-3.9|-3.9|-3.9|-3.9|-3.9|-3.9|-3.9|-3.9|-3.9
3.9|3.9|2.4|-3.0|-3.0|3.0
3.0|-3.0|3.9|4.0|-3.0
2.5|-3.0
3.0|3.0|-3.0
2.0|3.9|3.0
3.9|2.0|1.8|-0.9|2.5
3.9|3.6|3.0
4.5|4.0|4.0|3.0|-3.5|2.0|-3.0|3.9
3.6|3.9|5.85|3.9
3.0|3.0|3.0|-3.9
3.0|0.0|3.6|3.9
2.5|4.0|3.6
3.9|1.3|3.0|-3.0|3.0|-3.0|-3.0|2.6|3.0|3.9|2.6|3.0|3.0
3.9|3.9|3.9|4.35
4.5
2.4|-3.5|2.0|3.0|3.0|5.2|3.9|2.5
3.9|3.5|3.5|-3.0|3.9|2.6
3.0|3.6|-3.0|2.0|3.9|2.5|3.0|4.0|3.5|s|1.0
3.5|3.0
-3.9|3.0|-3.9|3.0|3.25
-3.5|3.0|-3.5|-0.0|3.0|3.0|3.9
3.5|2.5|3.0|3.0|s|3.0
2.5|3.0|3.0
2.5|s|1.8|3.0
2.1|3.0|2.0
-3.0|-0.0|-3.0|2.0|2.0
2.0|3.85|3.6|3.0|3.0
3.3|-3.0|-0.0|3.9|-3.9
3.9|0|2.0|-2.5|1.8|-3.0|3.9|2.6
2.5|3.0|3.9|-3.0|3.9|3.0
3.0|3.6|3.0|3.0
3.9|3.25|3.9|3.9|4.0
s|2.16|3.0|3.0
3.5|-3.0|-3.5
3.5
5.25
2.5|2.0|3.0
3.9|3.9|2.75|-3.5|3.9|5.0|4.5|3.5|0|0|3.9|-3.6|3.9
3.0|1.5|3.0|3.0|3.0|-3.9|-3.0|0|3.3|-3.0|3.0|3.0|2.0|3.0
s|3.0|2.4
3.9|3.9
3.0|-3.5|-3.0|-3.0|3.9|3.0
3.5
3.0|3.0|3.0|-2.4|2.0
3.0|-3.0|-3.0|3.0|3.9
1.5|2.5|1.0
3.9|3.6|3.9
2.4|-0.1|2.0|4.0|-3.6|3.0|3.0|3.0
5.2|-3.9|3.0|5.2
3.9|4.55|5.0|2.0|2.5|3.9
3.9|3.0|-2.0|3.0
3.0|3.9|4.5|4.5|-0.0|3.0|2.0|3.0|-4.0|-3.0|0.0|s|2.1|2.0|1.95
4.5|3.5
1.5|2.5|2.0|4.55|3.25
3.0|3.0|2.0|-3.0|3.0|3.0
3.5|3.9|3.5|3.9|3.5|3.9
3.9|-2.5|-3.9|-3.0|-2.5
3.9|3.0|-3.0|0|3.0|3.9
-3.6|-3.0|2.5|3.0|0
3.9
3.0|4.55|3.25|0.0
3.0|-3.0|3.0|3.5
3.0|3.0|3.0|-0.0|-3.0|2.4|3.6|3.9|0.0|4.0|3.0
3.9|4.55|3.25|3.9|-2.6
3.0|3.0|4.2
3.9|-3.5|1.8|-0.9|3.0
2.0|-1.0|2.6
-0.7|3.0|3.6
3.0|2.1|3.3|s|3.6
4.5|3.0|4.0
4.5|3.9|2.6|1.5|-3.0|2.0|3.3|3.0
3.0|3.0|3.0|3.9
4.5|-0.9|2.0|2.0|1.8|0|-5.2|3.0|-3.9
3.0|2.5|0
3.9|2.5|3.9|1.95|1.8|3.0
3.0|4.5|3.9|3.0|3.0|4.0
3.9|-3.5|3.0|2.6|2.0
3.0|2.34|4.5|2.9|4.55
2.5|3.25|s|3.0
3.6|3.0|3.0
3.5|3.6|-2.4|4.0
2.0|2.5|2.5|3.9|3.9|-4.0
3.0
3.0|3.5|3.6|3.0|2.5
1.8|3.9|3.0|4.55
3.9|3.0|1.5
3.0|-3.0|-4.0|3.6|2.0|3.0|0|4.0|-2.5
3.9|1.8|3.6|-3.5
2.0|3.0|-3.0|-3.0|-3.9|3.0|-2.0|2.0|-3.0
3.6|3.0|3.0|3.0|3.0|2.5|2.0|3.5
1.8|3.0
3.0|-2.5|1.8|3.0|-3.0|3.0|3.0
3.0|3.0|-3.9
4.5|2.5|2.6|3.6|2.6|-3.5|3.9|3.5
2.0
s|2.4|3.0|3.0|3.9|3.0|4.55
4.5|2.0|3.5|2.5
3.0|3.0
3.5|3.5|s|2.1|1.5|3.0|1.0|3.0
2.0|3.9|3.25|3.9|3.9
3.0|3.9|3.6|s|3.5
3.0|-3.0|-4.0|2.5|3.9|-3.5|3.5|3.5|3.0|1.4
4.5|3.9|2.6|-3.0
3.0|3.0|3.9|5.85
3.5|3.0|3.0|4.0|3.0|3.9|4.2|-3.6|3.0|3.5|3.0|3.9|3.0
3.0|3.0|3.0|3.6|2.0|-1.2|2.5|-3.0|-4.0|1.8
2.0|3.9|0.0|3.0|2.0|3.0
2.5|3.0|3.0|3.9
3.9|3.0|3.0|3.0|3.0|3.0|3.0|3.0|3.0|3.0
4.0|2.5|3.0|3.0|3.9|-3.0
3.25|3.0|3.0|2.5|3.0|2.6|1.8
3.0|3.0|-2.6|2.0|3.0|4.5
3.0|-3.0|3.0|2.4|3.6|2.6|-3.5|0.0|4.0|0.0|2.0|-3.5
-3.6|3.0|3.5
3.6
3.0|3.0
4.5|1.8
2.0|0|2.6|2.5|-3.0
3.9|3.0|3.5|-1.0|-3.0
3.9|3.9|-2.0|-2.5|3.0|0|-2.5
3.0|4.0|2.5|-2.5|3.0|2.5|3.0
4.0|3.0|3.0|3.9|0.9|3.9
-3.0|0.0|2.0|2.0|-3.5|3.0|1.5
3.0|3.0|3.0
3.9|2.0|3.0
4.0|4.0|2.5|-2.0|1.8
3.0|s|3.0|3.0
3.5|-2.0|-4.55
3.0|-3.9|3.0
3.0|3.9|1.8
4.0|3.6
3.9|3.0|1.8|3.6
3.9|3.0|-3.0|3.0
3.0|4.55|3.9|-3.9|3.0
3.9|-2.5|3.9|3.0|-1.5|1.8
3.0|3.0|5.85
3.5|4.2|-3.0|3.5|4.5
3.9|3.0|1.8|4.5
-3.5|3.6|3.0|3.0|3.9
3.5|3.9|3.0
-3.0|2.0|2.0|3.0
3.9|-3.0|3.0|3.0|2.6
1.8|2.5|2.5
2.5|3.0|3.0|-3.0
3.6|3.9
3.0|3.0|3.9
3.0|-3.0|3.0|3.0|-3.3|-3.5
3.9|3.0|3.0
4.2|s|1.8|0|1.8
3.3|4.5|5.0
1.8|3.3|3.0
4.8|3.0
3.9|0|-0.9|3.9|3.0
3.9|3.0|5.85|3.0
3.0|3.5|1.8|-3.0|3.0
3.0|2.0|-3.0|0.0|2.6|3.5
2.0|4.5|3.25|3.0|4.0
4.5|3.9|2.6|3.0
3.9|3.0|3.0|4.0|-3.0|-3.9|s|5.2
3.0|3.9|3.0|0|-2.5
-3.5|3.9|3.0|-3.0|3.0
3.9|1.8
2.5|3.0|2.0
2.5|3.9|2.0
s|3.3|3.5|3.0
3.0|3.0|3.0|3.0|4.55|2.0|2.0
4.0|3.0|3.0|4.0|3.25
3.0|0|-3.0|-0.0|1.8|-3.0|-2.0|3.0
2.5|2.5|3.0|3.0|-3.0|1.8|1.5|2.0|-3.0|-3.0|2.0|3.0|-2.0|3.5|3.0
3.0|-3.0|-3.0|3.5|4.5|3.0
3.9|3.0|-2.0
3.5|3.5|0|4.5|-3.5|3.9|3.0
2.0|-3.0|3.6|3.0|3.0|3.5|3.0
2.4|4.0|-1.5|3.6|3.36
2.0|-3.5|2.0|4.0|2.0|2.0|3.0
3.0|-3.0|-2.5|3.5|3.0|3.6
1.8|3.0
3.0|3.0|2.75
3.0|2.6|-3.5|3.0
3.9|1.5|-3.0|3.9|3.0
3.0|-2.1|3.0

3.9|3.25|3.0|3.9
3.0|-3.0|3.0|3.6|-0.6|-3.0
-3.5|1.8|1.8|3.0|0
3.6|-4.0|3.0|-4.0
-0.9|4.8|3.5|s|1.0
4.0
3.0|4.0|2.6
3.0|1.8
4.0|2.5|3.0|-3.0|3.6|3.0|3.0|3.0
-3.0|1.5|3.5|3.0
-3.0|-3.0|3.0|-4.0|1.0|-4.0
-1.5|2.0|2.0|3.0|3.5|2.0|2.5
3.0|3.6|2.0|2.0|-2.5|2.0|-3.6
3.0|4.55
3.0|3.0|3.0|-2.0
2.5|-3.0|3.0|3.6|2.6
3.5|3.6|-3.0|5.6|2.5|4.2
3.9|3.9|3.9|4.0|3.0|0
3.5|3.9|3.0
3.0|3.9
2.5|-3.0|2.5|s|3.0|-0.9|3.0
4.0|2.6|3.0|-3.0|3.0
3.3|4.0|4.0|3.6|4.5|4.5|2.0|3.9|3.0|2.5|2.0
3.0|4.55|1.0|3.0
2.5|3.25|-2.0|3.0|3.0
3.9|-3.0
3.0|2.6|0.0
3.0|1.8|4.0
3.0
3.0|3.0|4.2
1.8|3.9|3.25|3.9
3.0|-3.0|2.5|3.0
3.0|3.0|3.0|2.4
3.0|3.0
-1.0|3.0|3.9|2.6
3.9|-3.0|-0.0
3.0|3.0|4.0|3.0|3.9|4.2|-3.6|3.0|3.5|3.0|3.9|3.0
0|4.0|1.8|3.0|3.5|3.9
4.5|3.9|3.0|1.5|2.0|-3.5|3.0|3.0|3.0
3.0|-3.5|-3.0|3.0
3.0|4.0|2.5
4.55|3.0|3.625|3.0|-3.0|0.0|3.0|-3.0
-3.0|1.8|0|3.0
3.25|2.5|3.0|3.5|4.0|3.0
3.0|-3.0|2.1|3.0
4.5|3.0|3.5
-3.5|0|-3.0|1.8
3.0
0|3.0|5.2|1.8|0.1|-0.0|3.0|1.2
4.0|1.8|2.0
3.0
1.8|-0.9|-3.6|2.5
4.2
2.0|4.55
1.0|4.0|3.0
3.0|3.0|3.0|3.0|-3.0|-3.0
3.0|0.0|1.8
3.9|2.0|3.9|-3.6|-3.0|-3.9|3.0
3.9|3.0
3.0|-2.5|-2.0
2.5|3.25|2.5|-3.0|0|3.3|2.5
2.5|2.5|-3.0|2.6
3.9|3.0|3.0|-2.0|-3.0|s|0.0
3.0|3.0|3.0
2.0|3.6|2.5|4.0|3.9|3.5
1.8|3.5|2.5|3.0|0.0|3.0|3.9
2.0|5.25|3.9
3.0|3.9|3.0
3.0|3.6|3.0|-2.0|-1.0
3.9|4.0|3.0|2.0|s|3.0|3.5|1.0|3.0|3.0|3.0|3.5|-3.5|1.95|s|4.55
-3.0|2.0|-0.0|2.0|2.5|-2.0
4.2|3.5|-2.6|3.0|3.0|3.5
-3.9|3.0|3.0|3.5|3.0
3.6|-3.0|-3.0|3.6
-3.0|2.0|1.2
3.0|3.5|3.0
3.0|5.0|3.0|2.0|2.6
3.9|1.5|3.0|3.0|2.0|-2.0
2.5|4.0|2.5|2.5|2.0
2.5|1.5
3.6|3.0|2.0|-3.0
3.9|3.0|-3.0|3.0
3.0|-0.0|2.5|1.5|1.5|3.9|3.0
3.0|3.6|3.0|-4.5
3.0|3.9|3.0|3.9|3.25|3.9|3.9|2.5
3.25|3.9|3.0|-1.0
3.0|2.4|4.2|2.0
3.0|3.0|-3.0|3.9
2.0|2.5|3.9|3.0|3.3|-0.6|1.5|3.3
3.9|3.9|3.0
3.0|3.0|5.2|3.9
3.6|4.0|-3.0|-2.5|-3.9|2.5|2.6|4.0
2.0|2.0|3.0|-3.0
2.0|2.0|-3.0|1.5|-2.0|-3.0|3.0
0.0|1.8
1.5|-3.5|1.8|3.0|3.0|2.5|-3.5|3.0|5.25|3.0|3.9|2.5|2.5
3.0|3.6|3.6
3.0|3.9
3.0|3.0|3.9|0|3.0
2.5|4.0|3.6|1.5|3.25
3.0|3.6|3.3|3.0
3.0|4.0|3.0
3.9|3.0|4.8|3.5
3.0|4.0|3.0
4.55|4.2|3.0
3.0|4.5|1.0|4.55
3.9|3.6|1.8|3.0|-4.0|1.8|3.0|-3.9|1.0|3.0
3.9|3.9|-2.0
3.0|3.0|3.0|4.5
3.9|3.25|0
3.0|3.0|3.0|3.0
3.9|0|3.0|3.3|-2.5|3.5|3.0|3.0|0|-2.0|0|-3.0
-3.0|0
2.5|3.0|3.0|3.0
3.0|3.6|3.9
0|2.5|3.9
3.0|0|-3.0|2.5|-3.0|3.0
3.0|4.0|3.0|3.9|3.0|2.6|-3.0
3.0|-2.0|3.0|-4.0|1.5
3.0|3.9|5.2
2.5|-0.9|-3.5
3.0|s|3.0|3.0|s|3.0|3.0|s|3.0|3.0|s|3.0
3.0|3.0|3.5|-3.0|2.0|3.0
3.9|-3.0|-1.5
3.5|3.5|3.5|3.5|3.5|3.5|3.5|3.5|3.5|3.5|3.5|3.5|3.5|3.5|3.5|3.5|3.5|3.5|3.5|3.5|3.5|3.5|3.5|3.5|3.5|3.5
3.9|3.6|3.0|1.0|3.9|3.9|3.9
4.5|3.0|3.9|3.0|2.0|2.0|0|3.0|3.5|3.9
3.9|3.9|-3.0|3.6|3.0|2.0|3.5|-3.0|3.9|3.9

-3.0|3.0|4.0|4.55|5.85|5.85|3.0|3.0|3.0
1.8|-3.0|-1.5|-2.0|3.0
3.0|3.6|2.0|3.0|3.6|0|1.0|-3.0|3.0
3.0|0|-4.0|-3.0|3.0|0
-3.0|3.0
3.9|3.25|-3.0|2.6|3.0|-3.0|3.9
2.0|3.6|3.9|3.0|-2.0|3.9|-3.0|-4.5|3.6|5.2
3.0|3.9|3.9|1.5|3.0|3.0
3.0|1.0|1.0|3.0|4.55|3.0|3.9
1.3|0.0
3.0|-3.0|3.6|3.9|3.0
3.5|1.5|2.5|3.25|s|s|5.0|4.35
4.0|3.0|2.5|1.8|3.0|0
3.0|2.0|3.9
2.0|3.0|3.0|1.0
-4.0
-3.0|3.0|-2.0|-3.0|1.5|-3.0|0|-1.5
3.0|-3.0|3.6|3.9|3.0
3.0|3.0|3.9|3.9
3.0|1.0|3.6
3.6|3.0|3.9|2.5
3.0|3.9|3.5
2.5|3.0|1.0
3.0|4.0|5.0|3.6
-2.0|s|3.0|3.0|4.0|-0.27|3.0|s|3.0
3.6|2.5|2.0|2.0
-3.0|3.0|3.9|3.0
3.0|3.0|3.9|4.5|3.0
1.8|-3.0|-3.6|-3.0
4.5|3.6|2.5|3.0|1.8|-3.0|3.0|3.6|1.8|3.0|2.0|-3.0|2.0
3.0|-3.5|2.1|3.0
-2.0|-3.9|3.0|4.0
3.5|3.0|-2.5|-1.0|3.0
3.0|3.0|3.0|3.9
3.6|4.5|3.0|3.0|3.0|2.6
-3.0|-3.0|-2.5
3.9|3.5|3.0|3.0|3.0
2.0|3.9|3.9|4.8
2.6|3.9|3.0|3.9|3.0
3.0|1.8|3.0|3.9
2.0|3.0|3.9|2.0|3.0|3.9|3.9
3.9|3.0|3.0
3.6|-3.9
3.0|4.0|3.5
3.9|3.9|3.6
2.0|3.0|-3.5|3.0|3.0
-4.0|-3.0
1.3|2.5|2.5|3.0
3.0|3.0|3.0|1.5|2.5|2.0
3.6|2.5|4.5|1.8|3.0|4.0|3.0|3.0|3.0|3.0
3.25|0|2.0|3.9
1.0|-3.0|2.4|-3.0|-3.0|1.5|-3.0|3.5
1.8|3.9|2.1|3.0
4.5|-3.0|4.55|3.0|3.9|3.0|3.5|2.0|-3.0|-3.0|1.0|2.0
3.5|1.8|0|4.0|-3.6
3.0|3.0|3.6|2.5
-3.5|3.0|4.5|-3.5|3.0|3.0
3.0|3.0|3.0|2.5
s|3.0|3.0|-3.0
4.5|-3.0|1.8|1.5|3.0|5.2|5.2
3.5|1.5|3.0|-3.0|3.25|1.5
3.0|3.0|3.0|4.0|3.9|2.0|-2.0|3.0
3.0|0.0
2.5|3.5|2.0|3.9|3.5|3.0|3.0|0|3.0|-3.0|-3.5|3.0
3.9|3.0|1.8
1.8|3.0
4.0|3.9|-3.0|3.9|5.2|0.0|3.9
4.0
3.9|3.0|3.0|3.0|1.8
2.5|3.9|2.0|3.0|3.9
-3.0|3.0|3.0|3.0|-4.0|s|3.5
1.8|3.0|s
3.0|3.0|3.0|3.0
-3.25|3.0|0
-3.0|3.0|2.6|3.0|4.5
3.0|3.5|0.0
3.9|3.0|-3.0|2.1|3.0
3.0|-3.0|3.0|3.0|-2.5|-3.0|3.0|3.0|-2.0
-2.0|-2.6|-3.9|-4.0|3.9
3.9|3.0
4.55|3.0|2.5
3.0|-0.0|3.9|1.0|-4.35|3.0|-3.0|4.0|0
3.0|3.0|4.0|3.9|4.0|4.0
4.0|3.0|-2.5|-0.0|3.0
3.0|3.0
3.0|3.0|3.0|3.0|3.0
1.0|3.0|3.0|3.0|3.0
3.0|3.0|3.6|3.0
2.6
5.6|4.0|3.0|-2.5
3.9|3.0|3.9|3.0|3.9|3.0
1.5|3.0|3.9
-3.9|-2.5
3.9|2.0|-3.0|3.9|4.55|2.5
1.5|2.5|-3.0|3.5|2.0|-1.5
3.6|3.6
4.0|-3.0|3.9|-2.0
3.9|3.25|-1.5|0.1|-2.5|1.5|4.0
3.0|3.5|2.5
3.9|3.9|4.5|-2.5|3.25|3.25|3.0|3.9|1.4|1.8|s|3.9
3.0|-3.0|-3.5|2.6
-3.5|4.5|5.2
3.0|1.8|4.5|3.0
2.5|-3.0|3.9|3.0
-3.5|4.0|3.0|3.0
3.0|0|3.0|-2.5
4.0|3.9|0.0|-3.0
3.9|3.0|3.6|3.9|3.0
3.6|-5.0
3.6
3.0|4.0|3.0|2.5|0|1.8|-3.0|4.5|3.5|3.0|-3.5
-3.0|3.0|-2.5|-1.5
3.0|4.55|-2.0
1.0|2.5|-2.0|2.5|2.6|3.0|3.0|2.5|3.0|2.0|3.0|4.0|-3.0
3.9|3.6
3.5|0
3.0|3.0|3.0|-5.2
3.6|3.0|3.9|3.9|4.55
-3.0|1.8|3.25|1.0
-3.0|0.0|2.0
3.0|3.3|3.0|3.25|4.5
3.0|3.6|2.5
3.0|0|1.8
1.95|3.0|3.0|3.9|2.0|3.0|-3.0|3.9|3.0
3.0|3.0
s|4.2|3.6|-3.0|-0.0|2.5
2.0|3.0|4.8
3.0|3.0|3.0|4.5|3.9
5.0|3.6|1.0|1.8
3.25|3.9|3.0|1.95|3.9|2.0|4.0
3.0|3.0|-2.5|3.0|3.0|2.0|3.0
3.5|2.0|5.2|3.0|0.0|4.55|1.5|3.5
3.9|4.5|3.0|3.0|1.8|-3.9|0|3.0
0|-3.0|4.5|5.2|0.0|1.0|1.32|-3.0|-3.0|2.0
3.5|2.5|3.9
2.5|-3.0|2.0|3.0|3.5|3.9
3.9|4.5|-3.0|-0.0|0.0
-3.5|4.8|2.0|3.6
4.5|-3.0|-3.9
3.6|3.0|3.9|3.9
3.9|3.9
3.0|-3.0
3.9|2.6|4.55|3.9|3.0
3.3|4.5
2.5|0|4.0|5.85
3.5|1.8|3.0
3.0|3.9
3.5|2.1|0
3.9|1.8|3.0|2.5|3.0|1.5|2.5
3.0|s|1.8|3.0|3.6
2.0|3.5|-1.0|-3.0|2.6|3.5
3.5|2.5|1.8|3.5|1.95
3.0|-3.0|3.0
2.5|3.25|2.4
-3.0|3.0|3.0|3.5
3.0|2.5|2.5|1.8|2.6
1.5|2.0|-1.5|-2.5|-3.0|-4.0
3.0|3.0|2.0|2.5|3.5
3.0|3.0|0|-3.0
3.0|3.0|3.0
4.4|3.5|2.0|3.0|3.0|3.0|1.5|4.55|4.55
-3.6|3.25|3.0|-3.0|-3.0
3.9|-3.0|3.9|3.9|3.9|3.0
3.6|3.9|s|4.55|3.0|-2.0|3.0
3.0|3.0|3.0|3.0
-3.5|3.0|3.0|3.0|3.0|3.5|-2.0|3.0|4.55|-0.9|4.5
3.0|4.55|3.0
2.0|2.5
3.9|3.9|1.17
3.0|3.0|3.0
3.6|3.0
3.0|3.25
2.6|3.9|3.9|4.5|3.9|3.0|3.0|1.5|2.0
2.5|3.0|4.0|3.5|3.5|3.0
-3.0|4.5|-1.5
3.0|3.0|3.5|3.0
-3.0|2.5|4.0|2.0|-3.3|2.0|-2.0|1.8
3.6|-3.0|0.0
2.5|3.5|3.0
3.0|2.6
1.8|3.0|3.0|3.9
3.0|4.0|3.0
4.8|3.0|1.2|3.0|3.0
3.9|1.0|4.55
-0.75
4.5|3.9|3.0|-3.5|-3.0|1.8
4.55|-4.0|3.5|3.0
3.9|4.5|3.0|2.0|3.0|3.0
3.0|3.0|4.2|5.2|3.5|4.55|2.0
1.8|2.4|s|0
3.0|3.0|-0.9
3.9|-3.0|3.9
3.0|3.0|4.5|-3.5|3.0|4.2|4.5|4.55
3.25
2.0|4.55|3.0
2.34|1.8|2.6|-1.5|-2.0|-1.5
3.9|3.9|3.0|2.4|2.0|3.0
1.5|2.5|-3.0|3.6|3.0|4.2|3.9|3.25|3.0|4.0|2.5|3.9
2.5|2.0|3.0|1.5
-3.9|2.5|4.0|3.25|2.5|2.0|3.0|3.0|2.5|3.0|3.9|3.0|3.25|3.0|1.8
-2.5|-4.2|-4.2
4.5|4.5
3.0|3.9|3.25
3.9|3.9
3.6|2.6|4.0
3.0|2.0|4.0|3.5
-3.0|1.8|3.0|3.9|1.0|3.0|4.0|3.5
3.0|-3.0|-3.0|2.5|3.0|3.0|-3.5|4.55|2.2|2.6|1.0
3.0|3.0|4.0|1.5|3.0|0|3.6|-3.0
3.9|3.5|0
3.0|-1.2
3.0|2.0|2.16
3.25|0|3.25|3.25|3.9
3.0|3.6|-3.0|2.4|3.6
3.0|2.0|0.0
3.0|3.0|3.9|-2.6|4.55|-3.5|3.0|3.0
3.9|3.25|3.0|4.5|3.9|3.6
3.0|3.6|3.5
3.0|2.5|3.0
-3.5|3.25|3.0|-3.5|-3.5|3.0|6.0|3.0
3.0|4.0|3.5|3.0|2.5|-3.0|3.6
3.0|3.9|3.0|3.25|-3.0|3.0
3.9|3.9|2.5|3.0|4.5|2.0
2.1|0
3.0|3.0|3.0|-2.5|-3.6|s|3.0
3.9|3.9|3.9|3.0|3.3|2.6
3.0|3.0|2.6|3.0|3.0
1.5|-3.0|3.0
4.0|1.95|4.0
3.0|3.0|3.0|4.55|2.0|3.0|4.0
0|3.0|3.5|-3.0|5.2
3.0|3.0|3.0|3.0
3.9|3.9|-3.0|0.0|-3.0|3.0
3.9|-3.0|-3.9|2.0|-4.0
3.6|3.9|-3.0|3.0
4.5|-0.9|1.8|3.0
3.0|s|3.9|2.6
-4.0|2.0
3.0|2.5|0
3.0|3.0|3.9|3.9|3.0|3.9|3.9
4.5|-3.0|0.0
3.9|3.9|4.0|2.6|1.5|5.2
3.6
2.5|3.0|-3.0|3.9|3.0|3.0|-3.0
3.0|3.6|3.0|1.8|-1.5
4.0|3.6|2.0|3.0|3.9
s|3.0|3.0|3.0|3.6
3.0|3.0|3.0|3.0|3.0
2.6|3.0|3.0|4.0|3.9|3.0|3.0|3.0|3.9|3.0|3.0|3.0
2.0|1.8|s|3.0
3.5|-3.9
3.0|3.0|5.2|1.5|3.0|0|-3.0
4.55|3.0|-3.0|-3.0|3.0|3.5|3.0|3.0|3.6|3.0|3.0|-3.0
3.9|-3.0|3.0
3.9|2.5|2.0|-3.0|4.55|4.2|4.55|3.9|3.9|2.5|-0.0|1.2|3.0|-3.0|1.2
-3.0|3.5
-2.0
3.0|2.0|-3.0|3.0|2.6|-3.6|-3.0|0.0
4.0
0.0|3.0
3.0|4.5|3.0|-3.0|-4.0|2.5|-3.0
2.4|1.8|3.0
3.0|1.8|4.55|1.5|3.0
3.0|3.6|3.0|3.0|2.0|3.0|2.0
3.0|3.9|3.0|3.25|4.0|0
3.6|2.5|2.6|3.0|3.9
1.8|-3.5|-2.5|4.0|-3.5|-3.0|3.0
4.5|3.9|2.0|3.0|-0.0|3.0|2.0
3.0|3.6|3.0|2.0|-3.0|-0.0|2.0|3.0|-3.5
3.5|3.0|3.25|1.8
3.0|-3.5
3.0|1.5|3.0|3.0|1.8
s|3.0|3.0|3.0
3.0|3.0
3.0|2.0|0|0|2.5|2.6
4.5|s|3.5|2.0|s|3.0
3.9|3.9|4.5
3.5|4.5|1.8|3.6
4.5|3.0|3.0|3.0
3.0|3.0|3.6|3.0|0.8
3.9|3.0|s|3.6|2.6|2.0|1.0|-2.5|-2.0
1.8|3.6|-3.0
1.8|1.8
3.0|3.9|5.2|3.9|3.0
-2.0|3.6|3.0|s|3.5
3.0|-3.0|-3.0|1.5|3.6|-2.5|-4.0
4.0|-2.5|3.9|2.4|1.5|4.8|2.0|3.0|3.0
2.0|3.85|3.6|3.0|3.0|-2.5|-3.5|-3.0|-3.5|3.0|2.0|s|3.0|0|-3.9|s|3.9|3.0|2.0|2.0|4.0
3.0|3.0|3.5|s|3.5
3.0|1.2|2.0|2.5|-3.0
3.0|-3.5|3.5|-3.0|-3.0
4.5|3.0|3.5|-3.5|3.0|3.0|3.0|2.0|4.55
2.0|3.0|3.9
s|2.5|-3.0|-3.5|3.0|4.0|4.55|4.55|-3.6|2.5|3.0|2.5|-3.0|2.5|4.55|0.0|3.3
3.0|1.5|2.0|1.5
3.0|-3.9
3.5|2.0|3.9
4.0|3.9|1.5|4.5|1.2|2.0|3.0|3.5|3.9|0|-3.0|-3.5|-3.0|3.0|3.0
4.5|3.0|3.9|2.0|3.9
3.0|3.0
3.3|3.0|3.0|3.9
3.0|2.5|3.0|-3.0|-3.0|3.5
3.0|2.5|2.5|3.9

-4.0|3.0|2.5
-3.25|-3.0
3.0|-2.0|3.0|3.0
4.0|3.0|3.9|3.5|3.6
1.5|s|1.8|-3.0|-2.0|-3.5|2.6|-3.5|-3.0|-3.0|3.5|2.0
4.35|3.5|-3.6
0.0|2.5|3.5|3.6|2.0
3.9|-3.0|3.0
3.5|3.0|-2.6
3.0|s|3.0|3.0|-3.9|3.0
1.95|3.0|3.0|4.0
2.0|3.0|1.5|3.6|0
2.0|3.0|-3.0|2.0|3.0|-3.0|3.9|3.9
2.0|3.9|3.0|3.6|3.0
4.0|3.0|-3.5|4.55|1.8
3.0|3.0|3.0|3.9
2.5|3.0|1.3|-4.0|0|3.0|0|0|-3.0
2.5|0|3.0|3.0|6.0|3.0|4.55
3.6|4.2|2.0|3.0|-3.5|1.3|0|-3.0
3.0|3.9
1.8|3.6|3.0
3.9|3.9|2.0|3.0
3.0|3.0|3.0|3.0|-2.5
3.0|3.9|-3.0|3.0
4.5|3.0|2.5|3.6
-3.5|3.5|-0.9|3.0|3.0
s|3.0|1.8|2.5|2.5|3.0
3.0|3.9|3.9|3.0|3.9
1.5|2.0|3.6|3.0|3.0
2.0|3.0|3.0|2.0|4.55
1.2|3.0|1.8
3.0|3.0|3.25|2.0|0.0|4.0|-3.0|2.0|0|3.0|1.8|2.0|2.0|3.0|2.5|2.0|2.5|3.0
3.9|4.55|4.0|3.0
-3.5|-3.0|3.0|s|1.8
0|3.0|-3.0|2.0
3.9|3.0|2.0|3.9|3.9|2.0
3.6|2.0|2.0|3.0|3.0|1.0|2.0|3.0|4.0|3.0
-3.0
3.0|2.0|-3.0
3.9|2.1|3.0|3.0
3.5|3.0|4.5|3.0
3.9|1.5|2.0|-2.5|1.5
3.0|3.25|2.5|1.8
0|2.5|3.0
3.9|-3.5|2.0|-2.0|-2.5|4.55|2.0|s|3.0|3.0|2.5|4.5|4.55
0.1|-3.0|3.0
3.0|-2.0|3.0
3.0|-4.0
3.9|1.95|-3.0|3.5|4.5|3.0|3.5
3.0|3.0
3.0|3.0|3.0|2.5|3.6
3.0|1.8|1.8
3.0|1.5|3.0|-3.5|0|-3.5|-2.5|0|3.0|4.2|2.6
3.25|-3.0|2.6
-3.5|2.0|5.4|-3.5|-3.5|-3.5|0.0|1.5|3.0
-3.0|-3.0|-3.0|3.9|3.0|3.0
-3.0|3.0|0|2.5
3.0|-3.0|-3.0|3.9
0.0|3.0|1.8
2.0|3.0|-3.6
3.9|2.0|3.0|2.0
3.0|3.0|3.0|2.0|3.9|3.9|3.6
-4.0|-3.0|0
1.8|3.85|-0.0
-3.0|2.5|0
3.5|-2.0|3.9|-3.5|-3.9|2.0|-4.0|-3.0|-3.0|2.6|-2.5|1.5|3.0|2.5|2.0
2.0
3.0|1.8|3.0|3.0|2.5|3.3
3.0|-2.5|-2.0|-3.5|3.6|-3.5|-3.0|-2.0|-3.0|-3.0|2.0|-3.0|2.5
-3.9|3.6|3.0|3.0|3.6
3.6|3.0|0.0|-3.0|2.0|2.4
3.6|3.6|3.6|3.0|4.0|3.0
3.6|s|3.0|3.9|3.0|3.9|3.0|3.0|4.8
3.0|1.8|3.0|2.0|3.9
3.0|3.5|1.8
4.2|3.0|2.0|2.5|3.0|2.5|1.5|1.0
3.9|3.5|1.8|3.9
3.0|3.0|-2.0|-3.0
1.8|3.5|3.9|3.5
-3.0|-1.2|3.0|-3.6|-3.25|0|-3.5|2.5|3.0
3.0|3.9|2.1|-3.5
3.0|3.85
3.0|3.0
2.0|3.6|3.0|-2.0|3.0
s|3.6|-3.5|4.0|3.6|-4.0
3.0|3.9|4.55|2.5|-3.5
3.6
3.5|3.5|3.9|1.0|2.0
3.9|2.5|s|3.0|3.0|3.0
1.8|-2.5|1.0|3.0|-3.0
1.0|2.0|-3.9|-3.0|-3.0|-3.0|-2.5|-3.0|-3.0|-2.6|0|3.0|-5.2
3.5|3.9|0.1|4.55|3.9
3.9|3.0|3.9
3.5|3.0|3.0|3.0|2.2|3.0|3.0
3.9|3.9|3.9
2.5|4.5|3.5
3.0|1.8|3.9
3.0|-2.0|3.0
-3.5|-3.0|-3.0
1.5|-1.0|3.9|3.0|3.9
3.0|3.25|3.0|4.55
4.0|2.0
2.0|-2.0
3.0
3.0|3.5|3.0
3.0|3.5|3.0|3.9|0.0
3.0|-2.0|3.5|-3.0|3.0|0|5.2
1.8|2.0|2.0|2.5
4.5|-3.0|-1.5|3.0|-2.5
4.0|3.0|3.9|4.0
3.6|1.95|4.55
1.8|3.9|-3.5|3.0|1.3|2.6|3.0|3.0|3.0|3.0|0
3.9|3.9|3.0|3.0
3.0|3.9
4.0|3.0|-3.0
-3.0|1.8|-3.0|1.0
4.2|-3.3|3.5|3.0|3.0|1.95|3.9
3.9|3.0|3.0|2.0
3.0
3.5|-2.6|3.0|3.0|3.9|3.5
2.6|3.0|3.0|3.5
0.0|0|-3.0|s
2.5|2.0|3.9
0|-2.0|-0.6
3.0|3.9
-2.0|3.0|-3.0
3.0|3.5|0
3.0|4.0|-3.5|3.0
2.0|-3.0|3.0
-0.0|3.0|0.0|2.0
s|3.6|1.8|0|2.0
2.0|-3.0|-2.0|1.95|1.5|4.0|0.0|3.0|-3.5|3.0|1.0
3.0|3.0
3.5|-3.0|-3.0|2.0|3.0|2.5|2.0|3.0|-3.0|0.6
3.0|0.0|1.8|0.0
3.0|-0.0|1.8|2.4|3.0
4.0|3.0
3.0|2.5|3.0|3.0|4.0|4.8|1.95
3.0|3.0|1.8|3.0
2.2|3.0|3.25|3.0|2.9
3.0|1.8|3.0
2.0|1.8|-3.0|3.0
-4.2|1.2
3.9|4.55|1.8
3.0|3.0|1.8
3.0|3.0|-3.5|3.5|3.0|1.3|-3.0|2.6
3.0|2.6|0.0|3.0
3.0
s|1.8|4.5|3.6|2.0|3.6|-0.6|1.8
4.2|-3.5|3.9|s|1.8|-2.5|2.5|-3.6|s|4.2|0|4.5
3.0|1.5|4.5|-3.0|2.0|3.9
2.6|5.2|3.9|1.5|3.0
3.0|3.0
3.0|4.0
4.55|3.0|3.0
3.5|-3.0
3.0|2.5|3.0
3.0|4.0|-0.6|-0.2|-2.5|4.55|3.0|2.5|2.0
3.5|4.0|4.55
-4.0|2.75
-3.5|3.0|0.0|4.0|-3.0|3.9|3.0|3.9
3.0|4.0|3.0|3.0
2.5|3.0|3.0|2.0
-3.0|3.6|3.6|1.5
3.9|3.9|3.5
2.5|3.0|4.5|2.6
3.9|-3.0|3.25|3.9
3.9|-3.0
3.9
3.0|3.9|3.0|3.9|4.55
3.0
4.0|3.0|3.0|3.6
3.0|0.0|3.0|3.0|3.0|3.0
2.5|2.6|2.6|4.55
3.6
3.0|5.2|2.5|5.2|-3.0|3.0|0|-2.0|5.2|4.0
0|4.2|3.0|3.0|3.0|2.4|-3.5|3.5|2.5|3.0|3.5|-1.0|4.0|3.9|4.55
3.9|3.0|2.6|3.9
3.9|2.5
3.6|3.0
3.9|3.9|3.0|-3.9|-3.0|-3.0|3.0|3.9|4.0|3.5
1.95|1.0|3.9
4.55|3.0|-4.0
-3.5|-3.5|s|3.0|2.6|2.0
2.0|4.0|3.9|3.25
4.5|3.9
3.0|2.5|3.0
3.0|4.5|3.0|2.6
2.16|-3.9|3.25|3.0|3.0
2.5|-5.2|-2.0|3.25
2.5|2.0|3.0|3.5
0|3.0|0|3.0|3.0
3.5|3.0|-3.0|3.0|3.5
3.0|3.0|-3.0|-3.0|-3.0
3.9|3.0|3.9|3.9|3.9|-3.0|3.0
3.0|3.9|2.0
3.0|-3.0|5.0|5.0|-0.0|2.1|2.5|3.5
3.9|3.0|2.0|2.5
-4.0|-2.5|4.5|-3.0|2.0|-1.8|-3.0|-1.5|-3.0
-3.0|1.0|1.0|-2.0
3.0|-4.8|3.6
1.8|3.0|3.0|3.6
3.9|3.0|2.6|3.0|3.0|2.16|3.0
2.0|3.6|-3.0|3.9
-3.6|-3.0|-1.5|-3.0|-3.6
3.0|4.2|2.0
1.8|3.9|-3.5|3.0
2.0|3.0|2.0|3.0
2.0|1.8|3.9
s|4.2|3.0|3.9
-4.5|3.0|0|3.0
1.8|1.8|3.25|3.0
3.0|3.9|4.55|3.0
1.8|2.0|3.0|3.0|3.0
2.0|2.0|3.0
3.0|4.0|3.0|3.9|3.6|3.5
2.0|1.95
1.8|3.9
2.0|1.8|2.0|3.0|3.25|3.9
3.6|3.0|1.8|4.0
3.0|3.0|-3.6
4.55|4.5
3.0|3.0|3.0|2.5|3.25|3.25|4.0
1.0|2.5|3.0|-3.5|2.0|3.0|3.9|2.4|3.0
-3.0|3.0
3.5
3.0|3.0|3.0
-4.0|2.0|-1.5
2.0|3.0
3.0|3.0|3.0|3.0
s|3.9|-1.0|2.5|3.0|1.95|3.0
3.0|3.0
3.0|3.0|3.0
3.9|-3.5
4.55|2.5|3.0|1.5|1.8|-3.0|-3.0|0|3.0|3.9|0.1|0|-3.0
3.0|3.0
-3.0|-0.0|-3.0|0|3.9|3.0|2.5|3.0
3.5|3.0|2.0|2.0
2.5|3.0|3.9
3.6|2.0|3.0|3.6
3.5|3.9|-2.0|3.6|5.2|4.55
2.0|3.0|-5.2|2.0|2.5|3.9|-0.5|0.55|-1.5|3.25|0.9
4.0|4.5|0|3.9|3.5
3.0|3.0
0.1|-3.0|2.5|3.0|3.0
3.9|3.9|-2.6|-3.0|-3.0
3.0|-3.9|-3.0|4.0|-3.0|-3.5|3.0
3.0|2.5|2.0|2.1|1.0|2.0|1.8
3.0|2.6|2.0
3.0
1.8
3.0
3.9|3.0
3.0
3.9|3.0|1.8|2.0|3.9|3.0
3.0|3.0
3.5|-3.5|2.5|3.9|3.9
3.9|2.6|1.5|2.5|3.0|2.6|4.0
3.9|3.0|3.0
3.5|1.0|3.5|4.55|2.6
3.0|-2.5|-1.0|0|0
1.0
3.0|3.0|3.6|5.0|2.0|3.0|3.5|3.0
2.5|3.0
3.0|3.0
3.0|4.5|2.5|3.0|1.0
-3.0|2.6|3.0
3.9|3.6|0.0|3.0|-3.0|3.0
-3.0|-3.0|-3.9|3.0|2.0|3.0
3.5|-2.6|-3.5|3.9|3.0|3.0
3.9|3.9|3.0
3.0|-3.0
3.0|-3.0|3.9|3.0|2.5|-3.3|3.25|4.0|2.5
2.5|3.0|1.5|3.0|3.0|3.0|2.5|2.5|3.0
3.0|3.0|3.0|3.0|1.5|1.8
3.6|3.0|3.0|-3.5|s|2.4|1.5|4.0
2.5|3.0
3.0|-3.9|0
3.9|-2.0|3.5|-3.0|-3.0
3.0|-3.0|1.5|3.0|0.0|3.5
3.9|3.9
3.0|4.5|3.0|2.0|3.5
1.5|3.0|2.0
3.0|2.5|3.0|-2.0|1.5|4.5|3.0|1.5
3.0|3.5|3.9|3.0|3.5
3.0|3.0|0|-2.75
3.0|4.55|1.8|1.8|-3.0|3.9|0|1.5
2.0|2.0|5.0|2.0
2.5|3.9|3.0
2.0|-3.5|2.0
-3.5
2.0|4.0
3.5|2.5|3.0|3.0|-2.5
1.8|3.5|1.0
2.5|3.5|-3.0|-0.6|3.5
4.0|2.5|3.0
3.9|-3.0|-3.5|-2.5
1.3
1.95|-0.0
1.8|3.0|2.0|3.0
1.5|2.5|-3.0|-3.0|3.5
1.0|2.0|3.0
3.0|0.0|3.0|0.0|2.0
4.0|3.5|1.5
2.5|1.5|2.5|3.0|3.9|3.6|1.8|3.0|-1.0|3.0|4.5
3.0|3.0|-3.0|-3.0|2.4|2.6
1.8|3.0|3.9
1.5|2.5|4.0|3.9|2.6|-3.5|3.0
3.6|1.5|4.55|1.0
3.0|3.0|-3.0|0|-3.0|2.6|2.5|3.0|3.6|1.5|4.4
3.9|3.9
1.8|-3.5|3.0|3.0|-3.5|-2.5|2.0|-3.0|-2.0
3.0
-3.5|3.0|3.5|3.0|-3.9|1.5|2.6
1.8|3.9|3.25
2.0|3.0|3.0
-3.0|4.35
3.6
3.0|3.6|2.4
1.5|3.0|0|3.0|0|3.0|2.5|-2.0
3.9|-3.0|0|4.0|-3.0|-2.0|-3.0|0|3.0|-3.0
3.0
3.0|-3.6|4.2
3.9|3.5

3.6|5.85|-3.0
3.9|-3.0|2.0|3.9|3.9|3.25|3.9|3.0|5.85|-3.0|-3.0|-1.0
s|3.0
4.0|2.0|3.9|-3.0|-0.0
-3.0|-3.9
3.6|3.0|2.0
3.9|3.6|3.9
3.0|-0.9|1.8|3.0
3.0|3.0|3.9|s|3.9|3.9
4.8|3.6|3.9
3.0|2.6|3.0|3.25
3.0|3.0|4.0|3.9|-3.0|-3.0|4.5|-2.0|-3.0|3.0|3.5|s|3.9
3.0|-3.5|3.25|-3.5|4.55
3.0|3.9|-3.5|-3.0|0.0|3.9
4.0|3.0
3.0|3.6
3.9|3.6
3.9
3.9|3.9|3.0|3.0
s|3.9|3.0|3.0|3.0|3.5
4.5|3.9|1.8|-0.0|-2.0
2.0|4.55|3.0
1.8|1.8|2.0|1.8|3.6
3.9|-3.5|3.0
3.0|s|3.0|3.25|3.6|-2.0
3.0|2.6|3.0
-3.9|1.8
2.6|3.5|-1.0|3.5|0|3.0|3.9|3.9
3.0|0.0|0|3.6
0.6|3.9|3.0
1.8|2.0|3.0|2.6|-2.5|3.0|-2.5
3.9|3.0|3.0
-4.0|3.0|-1.0
2.0|3.6|3.0|-3.0|-3.5|0|1.8|4.0|-3.0|3.5|3.0|-2.0|-3.0
3.3|3.9
3.0|0|2.0
-4.55
3.0|-3.0|-3.0|4.5|3.0
1.8|3.0|3.9|3.0
0|-4.0|1.0
3.9
3.0

3.9|-3.0|-0.0|3.0|4.5|3.9|3.0|3.0|3.6
3.0|3.25
1.5|1.0|2.0|-3.0|3.0|3.0|-4.0|3.6
-3.0
3.0|3.9|3.9
2.0|3.0|4.55|-3.0
3.0
3.0|1.8|3.0|3.0|3.0|-1.0|1.0|-3.0|2.0|3.0|3.0
3.9|2.0|3.6|3.3
-2.5|-3.0|5.0|-2.0|-3.0
2.0|-3.0|-3.0|-3.0|-3.0|3.25|2.0|3.0
3.25|3.0
2.0
4.0|3.0|3.0|3.0|0|2.5|3.25|4.0|2.5|3.0|1.5
3.0|3.6|3.0|3.0|1.8
0|4.55|3.0|3.9
4.0|0|3.0|3.6|4.8|-3.5|3.0|3.0
3.9|3.0|2.0|3.0|4.0|3.0
3.0|3.0|0
2.6|-3.5|3.9|3.5|-3.0
3.0|3.9
3.0|3.0|5.2
2.0|-3.0|-1.0
3.9|3.0|-3.9|5.2|s|3.9|3.6
-3.0|2.0|5.0|2.0|3.0|3.0|-3.0
3.9

3.0|-2.5
0.0|3.0|2.0|3.0|0|1.5|3.9|2.5|-3.9|0.0|2.6|2.5
-3.0|-3.0|3.0|-3.0|-2.0|-3.0|2.0|3.0|0|0
3.0|s|3.0|3.0
3.0|-3.9|3.0|-3.0|3.0|-3.0
-3.0|3.0|3.9|3.0|-1.0
3.6|2.5
3.0|1.8|3.0|5.85
3.0|2.5|3.0|3.0|2.5|3.0
0.75|2.4
4.5|3.0|2.5|3.5
s|2.0|1.0|3.0
2.0|-1.5|3.0
3.0|-1.5|0
3.0|2.0|3.0
3.0|3.6|s|4.55|s|3.25
2.6|3.5|3.0|1.8|3.0|3.0
1.8|-3.0
3.0|-3.5|1.5|2.0|-3.0|2.5
2.5|3.0|3.9|3.0
-3.0|3.0
4.0|4.0
3.0|3.9|3.9|3.0|0|1.2|-3.5|2.0|3.0
4.5|3.5|3.9|3.9|3.9
3.0|3.0|1.8
-4.55|3.9|0.2|3.0
3.9|3.0|4.55
4.0|3.0
3.0
3.0|2.0|3.0|2.5|3.0|3.0|3.0|3.5
3.0|1.5|3.0|-0.0|1.95
4.5|3.0
3.0|2.6
2.4|3.9|3.9
2.0|2.6
1.5|2.5|s|3.0|0|3.0
3.25|3.9|-2.0|3.0
3.9
2.2|3.9|3.0|4.0|3.0|3.9|3.0
3.9|3.9|3.9
3.0|2.5|2.5
2.5|3.25|2.5|5.2|4.55|3.0|1.0|1.8
3.0|3.0|2.5|3.0|3.0|-3.6
3.0|2.0|3.9
4.0|3.9|4.5|3.0|3.0
3.0|3.25|3.0|0.9|-3.0|-3.9
s|-3.0|-4.0|-3.0|3.0|3.0|-3.0|2.0
3.0|3.6|s|3.9|3.6|-1.0|3.0|4.55
3.0|3.0|3.0|3.0|3.25
3.0|2.0|3.9|-3.6|3.0|1.8|3.9|3.0|3.0
3.6|-1.2|3.6|0.0|0|-3.0|-3.0|3.9|3.0|-3.9
3.0|3.0|2.0|1.5|3.0|-4.0|0.0
3.9
3.5|3.9
2.5|3.9|-3.0|1.5
3.6|-3.0|3.0|4.0
-3.0|1.5|3.0|3.0
3.0|-3.0|0|-2.0|-2.0|3.0
3.0|3.0
3.0|-3.6|3.0
4.0|3.0|2.0|3.0|3.0|3.0|2.6
3.0|3.0|4.55|0|3.85
3.5|-3.0
3.9|3.9|-3.0|3.9|3.5|4.5|-3.5|3.9|2.0
2.0|4.5|3.6
4.0|2.5|4.5|s|3.9
3.9|2.5|3.25|3.25|3.9
3.0|3.0|2.5|1.8|-4.0|3.0|2.16
3.6|2.6
1.5|1.5|1.5|1.5|5.2|3.9
3.9|3.0|4.0|3.0|-0.6|-3.0|s|3.0|3.0|3.9
-1.0|2.0|3.0|3.5|0|-3.0
3.0|3.5|1.8|3.0
0.0|3.0|-3.0|3.0|3.0|3.0|-3.0|-0.0|3.0
2.5|4.0
-3.0|2.5|-3.0|s|1.8
3.0
-2.0|3.9|3.0|-2.0|2.16|-3.0
4.5|4.5|s|3.5|-3.0|3.0
1.8|-3.0
-0.9|3.3|3.3|3.9|-3.0|4.0|3.5|-3.9|-2.5|2.0
s|3.0|3.5|2.6|2.0
3.0
2.5|2.5|3.0|3.0|2.0|-3.5|3.0|1.0|3.3
2.0|2.5|3.0|3.0|2.0|-2.0|2.0|4.55|-4.0|-3.0
3.3|3.5|2.6
0|4.2|-0.0|-3.0|3.0|3.0|3.0

3.5|2.5|1.8|1.0|1.8|3.6|2.0|1.8|2.4|2.0|0.0
3.0|3.9|3.25|3.0|3.25|4.5
3.5
3.0|3.0
0.0|-3.0|-3.0|2.0|0|3.6|-1.0
3.0|3.0|-3.0|3.25|-3.0|2.5
1.8|2.0|-3.25
3.0|-3.0|2.5|3.85
2.5|3.9|2.5|3.0|2.0|2.5|-3.5
3.0|-3.0|2.5|4.5|2.0|-3.0|3.0|0
3.0|3.6
4.5|3.0|-0.9|2.0
3.9|3.5|3.6|-2.5|-3.0|-3.0|2.0|1.8
s|3.9|-3.5|2.0|-2.0|1.5|1.8|s|4.55
3.0|-3.0|-3.0|4.0|1.5|3.0|3.0|3.0|4.0
3.0|3.0|-2.5|-0.9|3.0|3.0|3.25
-2.0|3.0

3.6|4.0|2.4
3.9|-3.0|-1.0|3.0|-3.0|0|-2.5|-3.0|2.0|3.0
3.0|3.0|3.0|2.0
3.0|3.0|3.9|3.9|5.2
3.6|3.0|3.6|2.4
3.0|3.0|4.55
2.0|-3.0|-2.0|2.5
3.6|0.0|3.5|3.9|-3.5
-1.0|1.0|3.0|-3.0|3.0|-3.0|4.5|0.0
3.0|-2.4
3.0|3.0|0.9|3.0|-3.0|2.5|-4.0
-0.0|3.0|3.9
3.0|3.0|2.0|3.0
3.9|3.0
2.5|2.0|3.9|2.5|3.0
4.55|-3.9|5.07|3.5
3.0|3.0|4.0
s|1.8|-2.0
2.5|3.0|4.55
4.5|2.0|-3.5|3.0|3.6|3.0|2.0|-3.0|-2.0
5.25|3.0
3.0|5.6|3.0
-3.5|3.0|s|3.0|3.6
s|1.8
3.0|-3.0|1.0|1.5
2.0|3.0
4.0|2.0|3.0
3.0|-2.0|1.2|3.0|-3.0
2.5|3.0|2.4|1.8
3.9|3.9
4.55|3.0|3.9|-3.9|1.0|3.9|2.0
-3.0|2.0|3.9|3.9|-3.0|3.0
1.5|3.0
3.0|4.55
4.5|-3.6
3.0|3.0|4.55
2.0|3.6|4.5|3.0|3.0
3.0
3.5|3.3
3.0|1.8|-3.5|-3.0
3.9|4.2|3.9|4.0|3.3
3.9|3.0|3.0
1.8|2.75
3.6|3.9
2.5|3.0|3.9|3.0|3.9|-3.0|1.8|3.9
3.0|3.9|2.6
-2.5|4.5|-3.5
3.3
3.6|3.0|0.0|2.0|-2.5
3.0|1.8|-3.0|3.0|4.0
-0.0|3.9|3.0
3.0|3.0|1.8
3.9|1.5|-3.0|3.9|3.0|3.9|2.4
3.0|-1.0|3.3
3.0|2.5|4.5|4.0
4.5|3.0|3.5|2.0
3.9|3.0|3.0|3.0|3.0|3.0|3.0|3.0|3.0|3.0
3.0|2.0|3.6|3.0
4.0|1.1|3.0|3.0|-3.5|2.0|4.5|5.2
2.5|3.0|0.9|3.9
3.9|3.9|-3.0|-4.0
3.6|4.0
-3.0|0
3.0|0.0|3.6|-3.9|3.0
3.0|3.5|3.0|0|3.9|2.0|-3.0
4.0|5.2
3.9|3.0|3.9|2.0
4.2|2.0|2.6|3.0|3.9|-3.0|-3.0|2.0|-3.0|3.0
3.0|3.0|3.0|0.0|-3.9|2.5|-0.6|1.0
2.5|-3.5
3.5|3.0|4.0
4.0|3.0|-3.5|2.5|3.0
3.6|3.9|3.5|2.0|2.0|-3.0|-3.9
3.0|3.0|0|-3.6
-0.5|-2.5|0|3.0
0|2.0|3.0|-3.5|3.0|3.9|3.0|3.0
-3.0|3.5|-3.5|3.5|3.0|3.0|-1.05
4.5|s|3.6|3.5|2.0|3.0|3.0
3.0|3.6|3.0|3.0|2.0
2.2|-3.25|3.9
3.0|3.0|3.6|3.0|-2.5|-3.9|3.0|3.0
3.9|-3.9|1.8|3.0|-3.0|1.98
3.0|2.5|1.0|3.5|0
-3.0|0.0|3.9|3.0|3.9|4.5|3.0|3.9|-3.0
3.0|3.0|4.8|3.0|2.5
3.6|0.0|2.5|3.9|-3.9|1.95|3.25
3.0|-3.0|3.0
3.6|3.9|-0.75|3.6|1.0|-3.0
2.5|2.0|3.0
3.0|3.6|3.9
1.8|3.5|1.2|1.8
3.0|-3.0|3.6
-0.0|3.0|0.0|2.0|1.2|4.0|0.0

3.0|3.0|3.0|4.55|5.2|3.0|3.0
2.0
3.0|3.0|-3.0|3.9
4.0|2.5|3.0|3.6|3.0|4.0
3.5|3.0|-3.5|1.8|2.5|3.6|3.0|1.5|-1.0|1.5|3.0|0.8|4.0|-3.9|-3.9|1.0
1.8|2.4|2.0|1.8|-0.6
1.0
1.5|3.0|4.0|3.6|4.0|3.6|3.6|3.0|3.0|4.5|3.9|5.85
3.0|-3.0|3.9
3.6|3.0|2.0|0
3.0|2.5
3.6|3.5|3.5|-3.0
4.55|3.0|-3.5|0|-3.5
2.5|2.0|2.0|3.9|3.0|3.0|0
3.5|3.0|3.6|3.0|-0.0
1.95|3.25|-3.6|3.9|3.0|3.9
3.0
3.6|5.2|-2.0|3.0|-3.0|-3.5|3.9|2.5|2.0|3.0|3.5|3.0
2.0|3.9|4.2
3.5|-3.0|1.8|1.95|2.0|3.5|3.0
1.8|3.5
4.55|1.5
3.9|-3.6|-4.0|2.4|3.0
-3.0|3.5
2.5|3.9|-3.0|3.0|2.5|3.0
2.5|4.5|3.5
3.0|3.5
2.4|1.8
3.0|3.5|3.9|2.52
3.0|0|1.0
4.5|3.9|0
3.0|3.0|3.9|3.0|3.0|2.0|3.5
3.9|2.5|3.25|3.25|3.9|1.8
3.0|4.5|3.0
-3.6|3.6|2.5|3.0
3.0|3.6|3.0|1.8|-1.5|3.5|3.0
1.5|3.0|3.6|3.9
3.25|3.0|3.0|3.0|3.0
4.5|3.6|2.0
3.9|3.9|3.9|3.0
3.9|s|1.8
1.8|-3.9|2.0|2.5|2.0|-4.0|-3.0|-4.0
1.8|4.8
3.0|3.9|-3.0|3.25|3.0|-3.5
3.0|-3.0|3.0
-3.0
3.0|3.0|3.0|3.9|-3.6|2.0
3.0|2.0|2.0|3.0|0|5.0|3.25
3.0|3.0|0|3.9|2.5|3.0
3.9|3.5|3.9|3.5|3.9|3.5|3.9|4.55
3.0|-3.0|4.8
4.0|1.8|-3.5|-3.5
-3.0|-3.9|-3.0|-3.0|-3.0
3.0|3.0|-3.0|-3.0|3.0|3.3
2.5|3.0|2.0|2.0
3.0|3.0
4.8|-3.0|-1.25|3.0
3.0|0.0|3.25|3.0|5.0|-3.5|3.9|3.0|s|3.6
3.0|0|3.0|3.0
-3.9|3.9
3.0|3.0|3.25|3.0|2.0|3.0|3.0
2.0|-2.0|3.0|1.8|4.0|4.55|4.5|0|-3.0
3.0|s|1.8|-2.5|3.0
4.0|2.5|2.0|2.0|-1.0|3.75|0|3.0|3.9|-2.5|-4.0
3.6|1.8|3.9|3.0
3.0|1.8|3.6|3.0|1.5
3.9|2.0|3.0|3.9
-2.5|1.8
3.9|3.0|3.9|3.9|-2.5
3.0|3.9|4.5
3.0|3.0
3.0|3.9|1.8|3.0|3.0
-2.5
4.55|-3.5|3.5|3.5|0.0
3.0|3.6|3.6|4.0|3.0|3.0|2.0
2.0|2.6|3.9|s|1.8|1.8
-4.0|-3.0|-1.5|-3.0|-3.0|-2.0|-3.0|1.0|1.0
3.0|3.5|1.5|-3.5|0.0|1.5|3.0|-0.6|-3.0|-1.8|-4.0|-2.0
3.0|1.5|3.0|3.0|1.8|3.0|1.5
3.5|2.5|-0.0|3.9|3.0|4.5|3.9|0|3.0|3.5|1.5|-2.0|3.0|-3.0|2.5|1.5|0|3.0|-2.0
3.5|3.0|s
3.0|1.5|1.8
3.0|3.0
3.0|3.0|2.75|3.9|2.4
3.0|2.4|3.9
3.9|0.0|3.0
-2.5|-3.0|2.5|-3.0|0
4.0|2.5|3.0|-3.0|3.6|3.0
3.3|3.3|2.0|0.0|2.5
4.55|3.9|3.9
3.0|-2.0|-3.0|1.0|2.0
3.0|3.0|0|3.0
-0.0
3.0|2.0|s|3.0|4.5
3.0|0.0|2.5|3.0|-4.0
3.0|-3.0|-2.0|3.0|3.0|-3.0
-3.0|-1.0|1.0
3.0|2.5|3.9|2.0
1.8|3.9|3.0|3.25|4.55
3.0|3.6|3.0
-2.6|s|3.5
3.6|2.4|-4.5|-2.4|3.0|0|3.0
4.0|-3.0|2.6|3.9|-2.0
4.5|-3.0|-4.0|3.5|3.0|3.0
4.8|1.2
-2.0|1.0|1.95|3.9|3.0|2.0|2.0|3.0|3.0
-1.3|-0.9|4.55|3.5|3.0|3.9
3.6|-3.0
-3.0|2.0|3.0
3.6|-2.5|2.0|3.0|2.5|3.25
0.0|4.0|3.0|-1.5
3.9|-2.5
s|3.0
3.9|1.8|2.6|3.0|2.5|3.0|3.0|-3.0|-3.0|3.9|-2.4
3.0|3.0|4.55|3.0|4.2
2.5|4.0
2.5|-3.0|3.9|2.5|3.9
3.0|3.0|2.5|0.0|-2.5|3.9|2.0|4.5|-4.5
-3.0|1.0|3.0
3.25|3.9|3.0|1.5|3.0|3.0|2.0
3.0|3.0|2.5|-3.0|3.0|-1.0
0|3.0
3.5|3.0|-3.0|-2.5|3.0|-3.0
3.0|2.75|-3.0|-3.0|3.0|2.0|2.0
2.5|4.2
3.0|3.0|3.9
3.0|3.0|3.0|3.0|3.0|3.0
3.0|3.6|-3.6|1.8|3.0
3.9
5.4

3.9
3.0|2.0|3.0|2.5|-3.6|3.25|-3.0|s|2.5|4.0|4.0
3.0|3.0|3.0
3.0|3.6
3.0|3.0|3.25|-3.0|-3.9|-3.0
2.0
-3.0
-3.0|3.6|-3.0|3.0|3.0|3.5|-3.0
3.0|3.0|3.0|3.0
2.5|s|4.9|3.9|3.9|2.5|4.0
2.5|s|3.0|3.25
3.0|2.6|3.0
4.0|4.5
4.0|3.25|3.0
3.0|3.5|3.0
2.0|0|3.5
3.5|2.0|3.0|-3.5|3.0|3.0|s|2.0|3.0|-3.5|3.0|3.0
3.0|-2.0|3.0|3.9
3.6|1.8|4.2|2.6|3.9
3.6|3.5|3.5|3.5
1.8
4.0|3.0|3.6
-0.3|4.55|3.9
3.6|s|3.6|3.6|3.5
3.0|3.9|3.5|2.6|2.0
3.9|3.0|-2.0|3.25
4.5|3.9|-2.0|3.9
1.2|2.5|-2.0|-2.0|3.0|-2.5|-3.6|-3.0
3.0|2.5|3.0
3.5|2.0|3.0|3.0|3.0|3.0|-3.5|3.6
3.0|2.0|2.0|3.0|1.8|-3.9|3.0|-3.5
2.0|3.0|3.5
3.0
2.16|0|0|3.25|3.6
3.5|1.5|1.8|3.0|-3.0|3.0|-3.0|1.8|-3.0|3.0|4.5
3.0|3.5|3.0|3.6
-2.5|3.5|3.6
3.0|2.0|3.0|2.4|4.5|-1.5|-3.0|2.5
3.9|3.9|-3.0|-4.0|-3.5
3.25|3.0|-3.0
2.0|4.0|4.55
0|3.0|1.0|-3.0|-2.0|2.5|-2.0|-3.0
5.0|6.0|3.6|0
2.0|3.0|3.6
3.0|5.0
-0.6|3.5|-3.0|2.0
2.0|2.0|3.6|2.2
-4.8|3.0
3.0|3.6
3.9
-3.0|-3.0|-3.0
1.0|2.5|3.0|-1.5
3.0|3.0|3.6|1.8
4.5|3.9|3.0|3.0|3.0|5.0|-3.0|2.0
3.9|1.8|1.0|3.0|3.0|5.2|3.0|2.0
3.6|2.5|3.9|2.5
3.5|4.55|3.0|3.6|2.2
3.0|3.0|3.0|3.0|-4.0|3.3
4.5|3.0|-3.6|2.0|3.0|-1.0|-3.0|-3.0
3.9|-3.0
2.5|-1.0|2.5|-2.5|3.0
3.0|3.0|3.6|3.0
s|1.5|2.0|3.0
3.0|0|3.6
s|4.55
1.8|2.5|2.5
3.9|1.8|-3.0|-3.6|-3.0|3.6
1.8|3.6|3.0|2.0|3.0
2.0|3.0|-3.6|-3.0
3.0|3.0|4.5|3.0|3.0|s|3.9
3.0|3.0|3.9|3.0|3.0|3.0|4.2|1.0
0.0|0|2.5|3.0|3.0|1.5
2.0|2.0|3.0|3.5|4.5|4.55|3.0
3.0|-3.0|0|-3.0|-0.0|1.8|-3.0|-2.0|3.0
3.0|2.5|2.5|3.0|3.0|3.9|3.0|3.25|2.5|2.0|3.9|3.0
-3.0|2.0|1.3|2.5|3.0
3.9|3.0|3.9|4.55|2.0
-3.0|3.0|-2.5|-3.0
3.9|-3.0
-0.0
1.5|2.0|5.25|1.0|3.9|-3.0|-3.0|1.0|-3.0|4.55|4.5|3.0|-3.5
2.5|3.75|4.55|4.5|2.0|0|2.0|-3.0|5.0|0
s|1.8|3.0|3.0
2.5|4.4|3.0|2.5|-2.5
3.0|4.5|2.0|3.0|-2.5
3.0|3.0|3.0|3.0|3.0
3.0|3.0|0
3.0|3.0|1.8|-3.9|0
-3.3|-3.0|3.0|-2.5|2.6|3.9
3.25|3.9|2.5|3.9|4.0|3.5|3.5|-3.0|4.5|3.5|2.6|3.0
2.0|3.0|-3.0|3.0
3.0|3.0
3.6|3.0|3.0|3.6|0|3.0|3.0|3.5|3.0|3.6
0|3.0|3.0|3.9
3.0
3.0|3.0|4.8
3.0|3.6|3.0
3.9|2.0|3.0|3.9|3.25|3.9|2.6
3.6|3.0|2.0|1.0

-2.6|0|3.0|-3.0
3.6|3.6|0.0|4.55|s|4.2
3.0|3.0|3.9|3.0|-3.0|3.0
3.0|3.0|3.0|3.9|-3.0|3.0|3.9
3.0|3.0|1.0|3.9|3.0
3.0|0.0|3.0
3.9|-3.0|3.0
3.3|0.1|3.25
3.0|2.0|3.9|-3.0|-3.0
s|1.8|-0.9|3.9
3.9|3.0|3.0
3.6|3.0|-3.9
3.6|2.0|2.0|2.4
-3.5|2.0|1.8
3.0|s|1.8|3.9
2.0
4.2|4.55
3.25|3.9|1.95|3.0
2.0|3.0|3.0|1.5|-0.4|4.0|3.25
3.0|3.0|2.6|2.0|3.0|5.8|3.0|1.8|-3.9|3.0|-3.5|s|3.9
1.8|3.6|-3.0|1.0|-3.0|1.5
1.8
1.5|3.0|3.0|-3.5|1.0|2.0
2.5|0|1.8|2.5|3.0|3.0
0
2.0|3.9|3.0|2.6
4.5|2.2
1.0|4.0|3.0|3.0|2.0|3.0|0|-3.9|3.0|3.6|-3.9
-3.0|s|1.8|2.0
3.5|3.0|-3.5|1.8|2.5|3.6|3.0|1.5|1.8|3.0|0.8|4.0
4.5|3.0|3.9|-3.9|3.0|3.0|2.0|3.0
-1.0
3.9|2.6|3.9|3.0
3.6|3.5|3.0
3.0|3.0|3.9|4.55|3.9
2.5|3.9|3.0|0|3.0|3.0|2.6|-4.0
3.0|-2.0
3.0|3.0|3.0|3.9|3.25|-4.0|0|3.9
3.0|0.0|3.0|-3.0
2.6|3.9|0.4|3.0
3.0|3.9|3.0|3.9|3.9
2.5|3.0|2.0|3.0|2.5|2.6
3.0|3.0|2.0|3.0|3.0|3.0|2.0|3.0|3.0|3.0|2.0|3.0|3.0|3.0|2.0|3.0|3.0|3.0|2.0|3.0|3.0|3.0|2.0|3.0|3.0|3.0|2.0|3.0|3.0|3.0|2.0|3.0
-3.0|-2.5|-1.5|-3.0
3.0|1.8
3.6|3.0|3.0
3.0|3.9|-4.5|0
3.0|2.0|-3.5|2.0|2.5
3.0|3.9|-3.0
-4.0|-2.5|-5.2
3.0|1.8
3.6|3.25|4.35|2.5|-3.0|3.0|3.9|3.9
3.0|3.9|3.25|0.0|2.0|3.25|3.9|3.0
3.9|0|3.6
3.9|4.0|3.0|-3.0|-2.5|-2.5|-3.0|3.0|s|3.0
-2.0|0|2.75|3.0|1.0|3.0|3.9|4.0|3.0|3.0|5.2|3.9
3.6|2.5|3.0|0|2.0
3.6|2.0|3.0|3.0
2.5|3.6|3.0|4.55|4.55|3.25|-5.2|3.0|3.0
-3.0|4.0|4.5|3.0|3.0|3.6|-3.0|-3.6|3.5|3.0|3.0|2.16
s|3.9|1.8|s|3.0|3.0|1.95|3.0|3.6|1.3|3.0|2.6|2.6|3.0|3.5
3.9|4.55|1.8|-1.95|3.0|2.0
3.9|3.9|-3.0|3.0|4.8
3.0
3.5|3.0|3.0|3.0|2.0|3.0
0|2.5|-3.0|0.9|3.0|3.9|1.8
s|3.0|3.0|-3.5
3.9|3.0|3.0
3.9|2.6|4.55|2.0
3.0|3.9|-3.0|3.25|2.6|3.9
3.0|3.5|3.6|0|2.0|4.2|3.0|-3.6
-3.0|1.3|3.5
3.9|3.0|-0.75|3.9|3.9|3.9|3.5
3.6|2.0|2.0|3.0
3.0|-3.0|-3.0
2.5|2.5|6.0|3.0
3.0|3.0|2.0|1.0|-2.5|-3.0|3.0|2.0|2.0
2.0|2.6|3.25|3.9
0.0|-3.5|3.0|3.0
2.5|1.8|-2.0
3.0|3.9|2.5|-3.0|0|-3.0
3.0|3.0|3.0|3.25|3.6|3.9|2.0|3.0|3.9
3.0|4.8|0|0|2.5|4.0|4.0
3.85|3.9|-3.0|2.0
4.55|2.0|2.2
3.5|2.0|-3.0|1.8|-4.0|2.0|-3.5|2.0|3.6|0|-4.35
1.8|-0.6|5.2|1.0
3.0|3.0|-4.0
2.5|3.3|2.0
3.9
3.0|s|4.0
3.0|3.0|-3.5|3.5|-3.5|1.8|2.6|5.2|3.3|-3.0
s|0|0|-3.5|3.0|3.0|3.0
3.0|3.6|1.8|4.0
2.0|0.0|4.2|3.9|2.0|2.75|3.0
3.9|4.0|4.5|3.5|2.0|5.2
2.5|3.0|3.6
-3.0|4.5|-3.0
3.5|3.6|5.0|-3.9
2.5|1.5|3.5|2.5|3.9|0|1.5
2.0|3.0|1.5|3.9|s|3.9|0|3.9
3.0|4.0|4.2|4.0|0|3.5|4.5|5.2|3.6|3.9
s|3.0|-2.5|-3.0|-3.0|s|s|3.0
3.0|3.0|-3.5|3.0|2.4
-3.5|3.0|2.5|-3.0|3.9|3.0|3.0
3.6|3.0|3.0|3.0|-3.0|-0.0|-0.0|2.0|2.0|s|3.9
3.9|2.0|1.0
3.0|3.0|-3.0
3.0|3.0|3.0
3.6|3.0|-3.0|3.9

3.0|4.0|s|3.0|2.6
-3.0|-3.0|-3.6|-3.0|3.0|0|-3.0|-3.0|3.0|-3.0
3.0|-4.0|4.8|3.0|-4.0
2.0|4.5|-3.5
3.9|3.0|2.5|-3.3|3.25|4.0|2.5
3.9|3.9|2.6|1.95|3.9|-3.0|-2.5
3.0|-3.9|-3.5|3.0|-3.0|3.9
4.0|3.0
1.8|2.4
3.9|2.6|3.0|-3.0|-3.0
2.0
1.0|3.0|3.0|3.0
3.0|2.0|1.95|3.0
s|2.4|-3.5|3.0|3.6
3.0|3.5
3.0|3.0|2.5|-3.0|-3.0|2.5|3.0
0.0|3.5|3.0|3.9|-3.0|3.25|2.0|-3.9|1.8|3.6
3.9|-3.0
0|3.0|1.5|-3.0|-3.0
3.0|3.9|-3.0|-3.0|3.9|-3.3|3.0|-3.0
3.0|s|3.6|3.0
3.0|3.0|3.0|3.0
2.5|2.0|2.5|2.0|3.6|-3.0
3.0|-3.5|-3.5|-2.0|1.0
4.4|3.6|3.0|3.0
2.0|3.6|3.9|2.5
3.0|3.0|3.0|3.9|3.0|2.5|-0.0
3.0|3.0
3.9|3.0|3.0|3.0|3.0|3.0|3.0|3.0|3.0|3.0
3.5|2.5|2.0|3.0|3.0|4.55|2.0|3.0|-3.0|0
3.6|1.5|2.5|3.0
0|-2.5|3.0|1.5|3.0|3.0|2.0
3.0|2.5
3.6|2.5|2.5|3.0|3.6
3.5|3.0
0|3.9|3.0|2.4
3.0|2.0|3.0|-3.5|1.5|3.6|3.5|-3.0|3.5|-3.6|-2.0|-3.0|4.0|3.0|2.0|3.0
3.0|1.0|1.5|1.8|3.0
3.9|2.0|3.0|0.0|2.5
3.0|3.0|-3.5|3.9|3.9|3.3|3.9
3.0|2.0|4.2
-3.0|3.25|3.6
3.9|3.9|2.0|3.0|1.3
3.0|3.0
3.0|4.2|3.6|3.0|2.0|3.0|3.5
3.6|-2.75|3.0|-3.0|0|-3.0|2.5
3.9|3.9|2.0|3.0|4.2
3.9|3.6
3.0|3.0|-0.9|0
3.9|3.9|3.25|3.25|-2.6|2.5
3.6|1.8|4.2|2.6
3.0|3.0
3.9|0|4.0
3.0|3.6|3.5|3.0|4.5|2.0|2.0
-3.9|2.5|1.5|4.0|3.0|3.0
3.6|3.5|2.6
-3.6
3.9|1.8|-3.0|0|-3.0|3.5|3.0|3.0|-3.0|2.4
3.0|3.9|3.9|3.9|s|3.0
3.9|2.0|3.0|3.0|1.5|3.0|3.0
3.9|4.55|5.0|2.0|2.5|3.9
1.8|3.6|3.6|1.8
3.0|1.8|2.0|3.9|2.5
3.9|3.0
1.5
3.0|3.0|1.8|-3.5|3.9
2.0|2.0|4.5|1.8|3.0|3.0|2.0|1.5
-3.0
1.5|3.0|2.0|3.0
s|4.2|3.5
2.5|4.0|3.0
3.0|3.0|3.9|3.9|-3.0|3.9|3.0|3.6|s|4.55|s|3.25
3.9|-3.0|-1.5|-1.2|s|1.8
2.6|-3.5|3.9|3.5|-3.0
2.0|-0.9|3.9|1.5|0|3.9
3.6|-3.0|-3.0
1.8|4.0|3.9
3.0|2.5|3.0|3.5|3.0|6.0|3.0|3.5
3.9|1.5|3.9|3.9|4.5
2.0|3.0|2.0|0
1.8|3.9|5.2
s|3.0
3.0|-2.0|-3.5|-3.5|-3.0
-3.0|3.9|s|3.9|4.55|3.0|3.0|3.5|0|1.5|3.5
3.5|3.9|3.0|-2.5|0.0|0.0|s|3.9|4.0
2.5|3.0|3.0|3.9|3.0|1.8
2.0|2.0|3.0
s|4.0|2.4|3.9|2.0
3.5|-3.5|-3.6|-3.0|2.0
s|3.5|3.9|2.0|-3.0|3.0
3.9|5.4|2.0
3.0|3.9|5.85
3.9|2.0|2.5|-3.0
3.0|4.5|2.0|5.075|-4.0|2.4|2.5|3.5
1.5|3.0|3.6|2.4|3.0
3.0
4.35|3.0|-3.0|-2.0|-3.5|3.0
3.6|3.0|3.9
s|1.8|2.5|3.0|3.0
3.6|4.2|3.9|3.0|3.9|3.0
3.9|3.9|4.0|3.0
2.0|2.0|0.0|3.0|3.0|-3.5|3.6
3.9|3.9
3.25|0.5
3.9
3.0|4.0
4.0|3.9|3.5
3.0|3.5|3.5
1.8|-2.4|3.6|0|3.9
3.9|-3.9|3.0|-2.5|2.16
3.0|-3.5|2.4
2.6|-3.0|3.0|-2.5
3.25|3.0|2.0|1.8|3.6
3.0|3.5
3.6|1.0|4.0|3.5|1.8
3.9|3.0|-3.5|2.0
3.0|2.0|1.8|2.5|2.0|3.0
-1.0|1.2|s|3.0|2.5|0.9
3.6|3.0|3.0
1.5|3.0|s|3.0|3.0|3.0
3.0
3.9|-3.0|1.75
1.5|-1.0|-2.0|-2.5
3.5|2.5|3.0|3.9|0|1.5|-3.9|-3.0|2.6|3.0|2.5|3.0|-3.0|-2.0
-3.0|3.0|1.95|3.6
3.0|3.0
1.8|3.0|1.8|2.0|3.0|3.0|-2.6
3.0|3.0|3.0|3.0|3.0
2.0|-0.9|4.5|3.9|3.6|3.9|1.3
3.9|3.25|3.0|3.0|-3.0|2.0
3.0|4.0|2.0|2.0|2.0|3.0|4.0
3.9|-3.0|-3.0|3.9|-3.0|2.6|3.0|3.0|4.2|3.0|0.78
4.55|3.9|3.0|3.0|3.0|5.2
3.5|3.25|-3.0
3.5|1.95
3.9|3.0|4.0
3.0|1.5|4.5|3.0
3.9|4.0
-3.0|3.6|2.5|4.2
4.55
3.0|3.0|3.0
2.5|3.0|3.6|3.6|2.0
s|3.6|2.6
3.0|3.5|4.0|3.0|3.0|3.5
3.9|2.0|2.0|3.0
1.8|3.5|3.0
2.5|2.5|2.0|2.5|3.25|-1.0|2.5|3.6|3.3|3.0|4.8|3.5|2.5|4.0|4.4
-3.0|3.0|-2.5|3.6|3.9
1.8
2.0|3.0|0
3.0
3.0|-3.5|3.9|-2.5|s|3.0
3.6|3.9|3.9|3.9
2.0|3.0|-2.5|0|2.0|4.5
-2.0|3.0|-3.0|-3.9|4.0|4.55
3.0|-3.0|3.9
4.5|3.5|2.0|-2.5|0
3.0|-3.0
4.5|2.0|3.0|-3.0|-3.0
3.6|-3.5|1.3
3.0|3.0
3.0|3.5|3.6|3.9|4.0|-3.0|-1.0|0|-3.0|3.0|-3.0
3.0|3.9
2.5|2.5|3.0|3.0
4.5|3.0|3.0|0.0|3.0|3.0|-3.0|1.8|3.0
4.55|5.0|3.5
3.6|-3.0|-3.0|-1.5|-3.0|3.0|1.5|2.0
1.8|-3.0|3.0|2.0
3.9|1.5|2.0|3.9|4.5|4.2|3.6|3.0
3.0|3.5|-3.0
2.4
3.0|-3.0|1.5|1.8|-1.0
3.0|3.0|2.0|4.5|3.0|2.0|-3.6|0|2.0
3.0|3.9|1.0|3.6|3.0|2.6|2.6
0

3.0|3.9|1.8|s|3.0
3.9|3.9|0.9|3.6
3.0
3.0|2.0|4.2|3.9|2.6|-2.0|-0.6
3.9|2.5|3.9|-3.0|-3.0
1.8|-3.5|4.0|5.2|3.0|5.25|3.0
0|3.0|3.0
3.9|0|-2.5
3.0|3.0|3.0|2.0|1.8|3.0
3.6|2.0|-3.9|2.0|-3.6|2.4
3.9|3.0|0.55|3.5
3.9|2.0
3.0|1.5|3.0|3.0
3.5|3.0|3.0|-3.0|3.0
3.0|1.8|3.0
3.0|3.9|1.0
3.3|3.9
2.5|-2.0|2.0|3.0
3.9
3.9|1.8|-3.0|3.9|1.0
3.5|3.0|1.5
2.5|3.5|1.8|3.0|-3.0|-3.9|3.0
2.0|2.6|3.0|1.45|3.0|3.0|4.5|3.5|3.5
4.0|3.0|-3.5|1.5|3.0|3.0|3.9|3.0|-3.0
s|3.0|3.0
1.5
3.0|3.9|3.0
3.0|3.0|2.0
1.8|3.0|3.0|1.8|-3.0|1.0|-2.0
4.0|3.0|2.0|3.9
1.5|2.5|2.6|2.5|3.0|3.0|3.0
4.0|2.0|-3.5|4.2
3.0|3.0|-3.0|2.4|3.0
3.0|-3.3
3.5|4.5|3.0
3.5|3.0|2.4
1.5|2.5|2.5|3.0|3.0
3.0|3.9|3.9|2.0
1.8
3.5|3.0|3.9|3.0|3.0
2.0|4.5|3.0|4.2
4.5|3.0|3.5|2.5|2.0|-3.5|3.0
1.8|1.8
2.5
3.0|4.55|2.5|3.0|4.55|3.0
2.0
-3.0|-3.0|4.55|3.5
3.5|0.9|3.5|3.9|3.9
3.0|2.0|3.5|3.0|-4.0
3.6|3.6|2.4|2.0|s
2.0|3.0|3.0|3.0|2.0|3.6|-3.5
2.0|3.0|3.5|3.0|3.0
3.9|2.5|-3.0
3.0|2.0|3.0
3.9|3.9|3.0|-2.0
4.4|-3.5|1.8
3.0|1.8
2.5|3.0|3.25
3.0|0|3.0|2.5|3.0|3.5
2.0
-3.0|-4.0
-3.0|3.0|2.0
2.0|3.0|3.9|3.6|1.8|-3.0|2.5
-3.0|3.0|2.5
2.5|2.5|-3.0|0|3.0|3.5
1.5|1.8|3.9|3.0
3.0|3.0|2.0|-3.0|3.9|-0.0|-3.0|1.8
s|3.0|3.0|3.0|0.0|-3.0
3.9|2.5|0.0|0.0|3.0
3.0|3.5|3.9|-3.0|-0.0|3.0|3.0
3.9|3.9|-0.9|2.0
3.9|3.0|1.4
3.6|3.9|-3.0|3.0
3.5|3.0|4.0|3.0|0
-3.5|2.6|3.0
4.2|3.0|-3.0
3.3|0|3.3|-3.0|-2.5|3.0|1.5|3.0
2.4|2.6
2.6|2.0|1.0|-3.0|2.6|2.0|3.0
3.0|3.0|1.5
3.0|4.0|3.0|3.5|3.0|2.5|3.0
s|3.9|-2.0|3.0
3.5|3.0
3.6|3.5|2.6
3.0
3.0|-3.0|-0.0|3.0
3.9|3.9|0|3.0

3.6|3.0|1.95|3.25|2.0
3.0|3.9|3.0|4.5|-3.0
3.0|3.0|2.0
3.9|2.5|3.9|3.0|4.5|4.0|-3.0|3.0|-3.0|-3.6|s|3.0|0.0
1.8|3.0|-3.0|-2.0|3.0
3.0|1.0|4.5|3.6|3.0
3.9|3.9|4.55
3.0|-4.0
3.9|3.9|3.9|5.85
2.4|2.4
3.0|3.0|3.0
3.25|3.9|2.0|3.0|3.0
3.0|3.0|3.5
3.0|2.5|3.0|3.0
3.0|2.5|4.2|3.0|3.9|3.5
3.0|3.0|3.0|3.0|4.2
3.0|3.9|2.0
3.6|3.0|-3.9|0|-3.0|-1.5
3.0|2.5|2.6|3.0
3.0|3.0|3.0|1.0|1.8|4.5|-3.0|-3.0|-0.0|3.25
2.0|3.0|3.0|4.55
2.5|1.5|2.0|3.5|-3.0|2.0
3.6|3.0|2.0|3.6
3.9
3.5|1.8|3.0
3.6|3.0|3.9
1.95|3.9|2.0|3.0|4.2
4.5|3.0
3.0|0|2.0|-3.0|-3.0|-3.0|3.0|3.0|3.5|-3.5|3.0|2.0|2.0
3.0|3.9|1.8|0.9|3.5
-4.0|3.6|-3.5|-3.9|3.0|3.0
3.9|4.55
3.9|5.2|1.8|3.6
3.0|-3.0|3.5
s|3.0|2.0|2.0|2.5|3.5|3.0
3.0|3.9|3.0|3.5
3.0|-2.0|3.0|3.0
3.0|0.0
3.9|4.55|1.8|-3.6|-2.0|3.25|1.0
4.0|3.6|-3.0|2.8|4.55|3.6
3.9|3.9|3.0|3.9
4.0|4.5|3.0|-1.0|3.5
3.5|3.0|-3.6|3.0
4.0|3.9|2.0|3.0
5.2|3.0|4.95|3.3|3.6|4.55|3.0
3.0|3.0|0
-3.5|2.5|3.5|3.6
3.9|3.6|4.0|3.0|3.6|-3.0|-3.9|4.55
2.5|3.0|2.0|4.8|3.0|3.5|-3.5
2.0|3.0|-0.0|2.0|-1.0|3.5
3.9|3.9|3.0|-2.0|1.5|-2.0|-3.0|-3.0|3.6|-3.0
3.0|-0.7
2.0|3.0|2.0|3.6
1.8|3.9|3.6|s|3.5
3.6|0.0|-4.0|3.5
3.0|2.0
3.9|1.3|3.5|3.0|2.2
3.0|-3.0|2.0|3.0
-3.0|3.0|4.55|-3.0|3.9
3.9|3.9|3.9|0
-3.6|s|3.0
3.0|3.0|2.5
3.0|4.55
3.6|3.9|3.9|3.0|-3.5|2.0|3.0
3.9|2.6
3.0|-3.5|3.9
4.55|3.9
-3.6|3.6|3.9|2.0|2.0
3.6|4.0|0.0|3.9
3.0|3.0|3.0|3.9|3.0
3.0|3.0|3.0|2.0|-3.5
3.0
0|3.0|s|3.25|3.0|3.5
-3.0|-2.5
3.0|4.0|3.9|3.0|2.0|2.5|5.0|0|3.0
2.5|2.0
-3.0
3.9|-2.0|3.9|3.0|4.0|2.6
3.9|3.5|2.5|3.0
2.0|3.0|-3.5|1.0
3.0|3.0|-4.0|3.0
3.6|3.0|3.0
3.9
3.0|3.0|2.0
3.0|3.9|2.0|2.0|3.0|3.0|-3.5|0.0|2.0
-1.5
s|3.0|3.0|2.0|-0.2
3.0|2.0|3.6|-3.5
3.6|3.0|2.0|1.8|-3.0|1.5
2.4|0.0|3.0|2.0|1.0
1.8|-4.0|-4.0
s|3.0
4.5|2.5|3.0|1.5|2.0
-3.0|2.0|3.9|3.9|3.0
3.0|3.9
3.0|3.0|3.0|3.0|3.0|3.0
3.0|3.3|-1.0|-3.0
3.0|2.5|3.6|3.0|2.75|-3.9|3.9|-3.0
3.9|1.5|-3.0|3.9|4.2|3.9|2.4
0|2.0|3.0|3.0
2.5|3.0
3.0|1.8|-3.0|3.9|-3.0|3.25
4.5|1.0|-3.0|s|4.55|3.5
3.0|-1.0|3.0|3.0|4.0|-3.0|3.0|2.0|3.0|4.5|-3.5|3.9|5.85|-3.5|4.8|1.5|2.0|1.5
3.0|0|3.0|3.0
2.5|2.5
2.6|2.0
1.0|3.0|2.0|3.9|2.0|3.0|0|4.8
2.6|3.0|3.0|4.0|3.9|3.0|3.0
4.2|-3.5|-3.5|3.9|-3.0|1.8|4.0
1.0|3.0|3.0|3.0|-2.4|2.0
5.2|3.0|3.9
-3.0|4.2|3.0|-3.0|3.0|-0.0
